ticker,date,open,high,low,close
JFIN,2019-05-10,11.0,17.25,11.0,16.15
JFIN,2019-05-13,15.0,16.7999,14.38,15.16
JFIN,2019-05-14,15.07,16.1,14.62,15.26
JFIN,2019-05-15,15.05,15.54,13.02,13.9
JFIN,2019-05-16,13.85,22.5,13.51,21.7
JFIN,2019-05-17,19.5,19.74,13.51,13.51
JFIN,2019-05-20,13.8,13.8,11.39,12.51
JFIN,2019-05-21,11.73,11.88,10.252,10.53
JFIN,2019-05-22,10.36,10.7867,10.01,10.55
JFIN,2019-05-23,10.4,11.5118,10.2,11.03
JFIN,2019-05-24,11.47,11.55,11.0,11.0
JFIN,2019-05-28,11.06,11.07,10.35,10.58
JFIN,2019-05-29,10.52,10.58,10.31,10.49
JFIN,2019-05-30,10.41,10.93,10.41,10.52
JFIN,2019-05-31,10.41,12.46,10.41,12.04
JFIN,2019-06-03,12.0,12.0,10.94,11.07
JFIN,2019-06-04,11.01,11.21,10.66,10.9
JFIN,2019-06-05,11.0,11.1723,10.4,10.51
JFIN,2019-06-06,10.47,10.94,10.47,10.94
JFIN,2019-06-07,10.51,10.8,10.42,10.5
JFIN,2019-06-10,10.53,10.65,10.3513,10.52
JFIN,2019-06-11,10.52,12.0,10.37,11.2
JFIN,2019-06-12,10.93,11.67,10.77,11.51
JFIN,2019-06-13,11.26,11.74,11.15,11.36
JFIN,2019-06-14,11.63,13.72,11.34,13.0
JFIN,2019-06-17,12.71,12.71,12.0,12.3
JFIN,2019-06-18,11.75,12.67,11.7074,12.14
JFIN,2019-06-19,12.44,12.96,11.88,12.5
JFIN,2019-06-20,12.8275,14.2564,12.499,13.94
JFIN,2019-06-21,14.55,14.6,13.74,14.39
JFIN,2019-06-24,14.56,14.56,13.5001,13.99
JFIN,2019-06-25,14.0,14.0,12.7417,12.76
JFIN,2019-06-26,12.831,13.5,12.83,12.947
JFIN,2019-06-27,12.5637,15.0,12.5637,14.0
JFIN,2019-06-28,14.38,16.12,14.38,15.99
JFIN,2019-07-01,16.15,16.15,14.91,15.19
JFIN,2019-07-02,15.02,16.86,15.02,16.21
JFIN,2019-07-03,16.49,16.49,15.57,16.0
JFIN,2019-07-05,15.8,16.1144,14.01,14.93
JFIN,2019-07-08,14.7,14.7,12.51,13.1
JFIN,2019-07-09,12.81,13.9314,11.1,11.5
JFIN,2019-07-10,11.65,11.8799,10.71,10.9458
JFIN,2019-07-11,10.93,11.06,9.27,9.45
JFIN,2019-07-12,9.51,10.0,9.3,9.32
JFIN,2019-07-15,9.43,9.7232,9.2012,9.35
JFIN,2019-07-16,9.37,9.625,9.01,9.22
JFIN,2019-07-17,9.54,9.9544,9.11,9.41
JFIN,2019-07-18,9.31,9.54,9.31,9.5
JFIN,2019-07-19,9.75,10.313,9.31,9.55
JFIN,2019-07-22,9.8,10.3,9.78,10.15
JFIN,2019-07-23,12.1,12.21,9.995,12.1
JFIN,2019-07-24,12.25,15.48,12.25,15.36
JFIN,2019-07-25,15.07,15.99,14.4,15.69
JFIN,2019-07-26,15.2,15.42,14.6351,14.95
JFIN,2019-07-29,15.4,17.45,15.3,17.0
JFIN,2019-07-30,17.39,18.05,16.66,16.68
JFIN,2019-07-31,16.56,17.68,12.9941,14.89
JFIN,2019-08-01,14.53,16.2503,13.2,14.37
JFIN,2019-08-02,14.03,15.7829,12.07,12.77
JFIN,2019-08-05,12.16,12.93,11.2,12.38
JFIN,2019-08-06,12.35,13.19,12.35,12.49
JFIN,2019-08-07,12.37,13.07,12.01,12.87
JFIN,2019-08-08,12.72,13.1,12.5,12.5
JFIN,2019-08-09,11.91,12.7471,11.91,12.52
JFIN,2019-08-12,12.2,12.2,11.0,11.26
JFIN,2019-08-13,11.01,11.24,10.31,10.65
JFIN,2019-08-14,10.6,10.98,10.0,10.6
JFIN,2019-08-15,10.62,11.3,10.27,10.56
JFIN,2019-08-16,10.56,11.64,10.5,10.61
JFIN,2019-08-19,11.14,11.576,11.14,11.41
JFIN,2019-08-20,11.6,12.9375,11.6,12.5
JFIN,2019-08-21,12.84,13.9329,12.01,13.0
JFIN,2019-08-22,12.4663,12.7,12.1706,12.47
JFIN,2019-08-23,12.15,13.1923,11.41,12.5
JFIN,2019-08-26,12.51,12.7624,11.9,11.92
JFIN,2019-08-27,12.35,12.35,11.3,11.44
JFIN,2019-08-28,11.65,12.0,11.59,11.59
JFIN,2019-08-29,12.17,12.85,11.1,12.3
JFIN,2019-08-30,12.37,12.4031,11.51,11.98
JFIN,2019-09-03,11.931,11.96,11.2,11.9
JFIN,2019-09-04,11.09,12.46,11.09,11.93
JFIN,2019-09-05,12.44,14.35,11.594,14.3
JFIN,2019-09-06,13.94,16.0,12.5,13.53
JFIN,2019-09-09,14.91,15.8,13.52,14.06
JFIN,2019-09-10,14.98,15.5,14.06,14.4
JFIN,2019-09-11,14.79,14.95,14.135,14.6
JFIN,2019-09-12,14.5973,14.6,14.0,14.39
JFIN,2019-09-13,14.4,17.165,14.2,16.57
JFIN,2019-09-16,16.0,19.4878,15.9516,18.97
JFIN,2019-09-17,18.09,18.49,13.0001,14.1
JFIN,2019-09-18,14.37,14.7748,13.5201,13.91
JFIN,2019-09-19,13.52,14.2894,13.48,13.8
JFIN,2019-09-20,13.27,14.1,13.27,13.6
JFIN,2019-09-23,13.6,13.96,13.1,13.25
JFIN,2019-09-24,13.15,13.65,13.0,13.07
JFIN,2019-09-25,13.1052,15.6485,13.05,14.88
JFIN,2019-09-26,14.75,15.95,13.8835,14.77
JFIN,2019-09-27,14.5,15.2271,14.1685,14.54
JFIN,2019-09-30,15.05,17.38,14.44,16.69
JFIN,2019-10-01,16.82,16.82,12.0001,12.38
JFIN,2019-10-02,12.27,12.685,11.31,11.67
JFIN,2019-10-03,11.37,11.79,11.32,11.585
JFIN,2019-10-04,11.41,12.1,11.41,11.94
JFIN,2019-10-07,12.3,12.6298,11.45,12.1
JFIN,2019-10-08,12.21,12.341,11.45,11.45
JFIN,2019-10-09,12.48,12.48,11.22,11.67
JFIN,2019-10-10,11.74,11.74,10.6,10.99
JFIN,2019-10-11,10.95,11.8,10.5136,11.42
JFIN,2019-10-14,11.64,11.9748,11.02,11.5
JFIN,2019-10-15,11.097,11.61,10.88,10.88
JFIN,2019-10-16,11.19,11.3733,11.19,11.2465
JFIN,2019-10-17,11.1,11.15,10.0,10.06
JFIN,2019-10-18,10.1,10.52,10.1,10.51
JFIN,2019-10-21,10.51,10.615,10.325,10.5
JFIN,2019-10-22,10.2002,10.2388,9.4776,9.8
JFIN,2019-10-23,9.8,10.59,9.6,9.995
JFIN,2019-10-24,10.0,10.0,9.52,9.56
JFIN,2019-10-25,10.14,10.14,9.62,9.8
JFIN,2019-10-28,9.7481,9.94,9.52,9.52
JFIN,2019-10-29,9.59,10.02,9.3,9.45
JFIN,2019-10-30,9.4206,9.44,8.62,8.8
JFIN,2019-10-31,8.7555,8.7555,7.61,8.0
JFIN,2019-11-01,8.25,8.25,7.75,7.75
JFIN,2019-11-04,7.7785,7.97,7.515,7.52
JFIN,2019-11-05,7.87,7.87,7.12,7.17
JFIN,2019-11-06,7.64,8.2,7.115,8.2
JFIN,2019-11-07,8.11,8.2565,7.28,7.8
JFIN,2019-11-08,7.78,8.19,7.5002,8.19
JFIN,2019-11-11,8.0,8.11,7.74,8.0
JFIN,2019-11-12,8.0,8.03,7.51,7.97
JFIN,2019-11-13,7.51,7.89,7.51,7.8
JFIN,2019-11-14,7.73,7.8,7.586,7.59
JFIN,2019-11-15,7.7,7.76,7.25,7.6
JFIN,2019-11-18,7.5699,7.7994,7.2185,7.51
JFIN,2019-11-19,7.54,7.76,7.5035,7.7
JFIN,2019-11-20,7.6,7.69,7.28,7.5
JFIN,2019-11-21,7.36,7.6002,7.2525,7.44
JFIN,2019-11-22,7.49,7.5,7.04,7.0903
JFIN,2019-11-25,7.39,7.6,6.634,7.6
JFIN,2019-11-26,7.6,7.6,7.0,7.5
JFIN,2019-11-27,7.3,7.53,7.11,7.41
JFIN,2019-11-29,7.4,7.44,6.91,7.06
JFIN,2019-12-02,7.3,7.45,6.8292,6.98
JFIN,2019-12-03,7.0,8.0828,6.875,7.65
JFIN,2019-12-04,7.67,7.67,7.0,7.5
JFIN,2019-12-05,7.1842,7.6058,7.011,7.3321
JFIN,2019-12-06,7.02,7.4425,6.75,6.825
JFIN,2019-12-09,6.82,6.98,6.8,6.94
JFIN,2019-12-10,6.43,6.93,6.41,6.43
JFIN,2019-12-11,6.29,6.29,5.68,5.8
JFIN,2019-12-12,5.671,5.671,5.51,5.51
JFIN,2019-12-13,5.85,5.85,5.6,5.615
JFIN,2019-12-16,5.81,5.825,5.6413,5.69
JFIN,2019-12-17,5.61,5.6371,5.61,5.6371
JFIN,2019-12-18,5.59,5.7,5.215,5.27
JFIN,2019-12-19,5.02,5.08,4.82,4.94
JFIN,2019-12-20,4.99,5.16,4.7657,5.075
JFIN,2019-12-23,5.13,5.22,4.97,5.08
JFIN,2019-12-24,5.39,5.39,5.2054,5.34
JFIN,2019-12-26,5.3,5.48,5.0094,5.19
JFIN,2019-12-27,5.37,5.575,4.9059,5.2
JFIN,2019-12-30,5.24,5.86,5.2,5.235
JFIN,2019-12-31,5.286,5.3657,5.06,5.26
JFIN,2020-01-02,5.1,5.389,5.1,5.28
JFIN,2020-01-03,5.34,5.6792,5.31,5.6
JFIN,2020-01-06,5.27,5.6495,5.17,5.17
JFIN,2020-01-07,5.29,5.39,5.27,5.27
JFIN,2020-01-08,5.25,5.3438,5.25,5.2665
JFIN,2020-01-09,5.4965,5.642,5.26,5.38
JFIN,2020-01-10,5.33,5.58,5.18,5.18
JFIN,2020-01-13,5.44,5.465,5.2066,5.31
JFIN,2020-01-14,5.65,5.8399,5.3,5.417
JFIN,2020-01-15,5.56,5.59,5.31,5.31
JFIN,2020-01-16,5.4,5.4085,5.31,5.31
JFIN,2020-01-17,5.4884,5.4884,5.35,5.35
JFIN,2020-01-21,5.35,5.35,4.09,4.24
JFIN,2020-01-22,4.5,4.5,4.2501,4.35
JFIN,2020-01-23,4.35,4.36,4.35,4.36
JFIN,2020-01-24,4.35,4.36,4.16,4.16
JFIN,2020-01-27,4.16,4.196,3.87,3.9999
JFIN,2020-01-28,3.8301,3.835,3.669,3.71
JFIN,2020-01-29,3.8786,3.8786,3.8786,3.8786
JFIN,2020-01-30,3.75,3.7929,3.75,3.7929
JFIN,2020-01-31,3.71,3.7535,3.0,3.0
JFIN,2020-02-03,3.14,3.61,3.14,3.41
JFIN,2020-02-04,3.6387,3.6387,3.34,3.48
JFIN,2020-02-05,3.62,3.62,3.43,3.5613
JFIN,2020-02-06,3.42,3.42,3.08,3.2
JFIN,2020-02-07,3.4,3.4,3.03,3.03
JFIN,2020-02-10,3.18,3.25,3.0687,3.15
JFIN,2020-02-11,3.2444,3.2444,3.1408,3.1408
JFIN,2020-02-12,3.101,3.1599,3.06,3.075
JFIN,2020-02-13,3.29,3.3,3.1,3.11
JFIN,2020-02-14,3.1341,3.3,3.12,3.12
JFIN,2020-02-18,3.1,3.22,3.0,3.22
JFIN,2020-02-19,3.22,3.2567,3.22,3.22
JFIN,2020-02-20,3.19,3.3,3.15,3.155
JFIN,2020-02-21,3.15,3.17,2.7,2.77
JFIN,2020-02-24,2.75,3.0,2.75,2.895
JFIN,2020-02-25,3.0,3.0,2.92,2.92
JFIN,2020-02-26,3.18,3.18,3.18,3.18
JFIN,2020-02-27,2.7,3.178,2.5813,3.16
JFIN,2020-02-28,2.5719,2.5719,2.45,2.5719
JFIN,2020-03-02,3.24,3.24,2.8792,2.8792
JFIN,2020-03-03,3.16,3.16,2.88,2.99
JFIN,2020-03-04,3.03,3.03,2.88,2.965
JFIN,2020-03-05,2.88,2.88,2.87,2.87
JFIN,2020-03-06,2.9,2.9,2.7293,2.7322
JFIN,2020-03-09,2.33,2.33,1.86,2.2
JFIN,2020-03-10,2.4114,2.5431,2.4114,2.5431
JFIN,2020-03-11,2.543,2.543,2.543,2.543
JFIN,2020-03-12,1.86,1.9798,1.6,1.84
JFIN,2020-03-13,1.92,1.93,1.75,1.93
JFIN,2020-03-16,1.93,1.93,1.6389,1.6389
JFIN,2020-03-17,1.75,3.08,1.75,3.025
JFIN,2020-03-18,2.98,3.05,2.17,2.17
JFIN,2020-03-19,2.1198,2.48,2.1,2.33
JFIN,2020-03-20,2.55,2.89,1.76,1.76
JFIN,2020-03-23,2.215,8.86,2.215,3.03
JFIN,2020-03-24,3.79,5.5,3.27,3.645
JFIN,2020-03-25,4.94,4.94,2.55,2.61
JFIN,2020-03-26,2.9,3.3252,2.5,2.71
JFIN,2020-03-27,2.85,2.87,2.3,2.69
JFIN,2020-03-30,2.7,2.7,2.4,2.55
JFIN,2020-03-31,2.68,2.83,2.4017,2.55
JFIN,2020-04-01,2.53,2.53,2.0201,2.25
JFIN,2020-04-02,2.35,2.35,2.0802,2.16
JFIN,2020-04-03,2.16,2.3,2.1001,2.3
JFIN,2020-04-06,2.54,2.54,2.1,2.1
JFIN,2020-04-07,2.3,2.4,2.1,2.12
JFIN,2020-04-08,2.21,2.53,2.1105,2.39
JFIN,2020-04-09,2.48,2.48,2.2745,2.3
JFIN,2020-04-13,2.45,2.45,2.1501,2.44
JFIN,2020-04-14,2.43,2.7,2.274,2.68
JFIN,2020-04-15,2.45,2.91,2.2112,2.79
JFIN,2020-04-16,2.98,2.98,2.7,2.8
JFIN,2020-04-17,2.8,2.8,2.4,2.6631
JFIN,2020-04-20,2.62,2.7899,2.62,2.71
JFIN,2020-04-21,2.6973,2.6973,2.5,2.5001
JFIN,2020-04-22,2.36,2.62,2.36,2.47
JFIN,2020-04-23,2.5049,2.52,2.5,2.51
JFIN,2020-04-24,2.66,2.66,2.292,2.3353
JFIN,2020-04-27,2.35,2.432,2.241,2.3983
JFIN,2020-04-28,2.2,2.44,2.2,2.42
JFIN,2020-04-29,2.23,2.5936,2.23,2.4
JFIN,2020-04-30,2.31,2.47,2.27,2.27
JFIN,2020-05-01,2.27,2.4244,2.14,2.18
JFIN,2020-05-04,2.1,2.33,2.1,2.29
JFIN,2020-05-05,2.38,2.38,2.1833,2.25
JFIN,2020-05-06,2.29,2.305,2.1,2.1813
JFIN,2020-05-07,2.14,2.35,2.05,2.1
JFIN,2020-05-08,2.06,2.179,2.01,2.0867
JFIN,2020-05-11,2.04,2.09,1.95,2.0
JFIN,2020-05-12,2.09,2.09,2.0,2.0
JFIN,2020-05-13,2.0,2.09,1.9,2.0
JFIN,2020-05-14,1.92,1.98,1.881,1.93
JFIN,2020-05-15,1.9877,2.0299,1.92,1.92
JFIN,2020-05-18,2.19,2.19,2.0,2.0
JFIN,2020-05-19,1.9695,2.02,1.9673,1.99
JFIN,2020-05-20,1.9541,2.0399,1.9534,2.0
JFIN,2020-05-21,2.09,2.09,2.01,2.05
JFIN,2020-05-22,2.0,2.06,2.0,2.0478
JFIN,2020-05-26,2.0,2.086,1.9745,2.0038
JFIN,2020-05-27,2.2,2.2,1.99,2.0943
JFIN,2020-05-28,2.1,2.1,1.99,2.0035
JFIN,2020-05-29,2.1,2.1,1.9867,2.0711
JFIN,2020-06-01,2.1,2.3,2.0798,2.181
JFIN,2020-06-02,2.195,2.21,2.175,2.194
JFIN,2020-06-03,2.22,2.3,2.22,2.3
JFIN,2020-06-04,2.3,2.36,2.15,2.25
JFIN,2020-06-05,2.2,2.32,2.1101,2.246
JFIN,2020-06-08,2.4,2.54,2.248,2.34
JFIN,2020-06-09,2.33,3.1,2.33,2.95
JFIN,2020-06-10,10.54,30.0,5.38,5.8
JFIN,2020-06-11,6.5,6.73,3.47,3.9
JFIN,2020-06-12,5.97,6.06,3.75,4.55
JFIN,2020-06-15,5.1,7.3,4.62,5.72
JFIN,2020-06-16,5.52,6.47,5.07,5.77
JFIN,2020-06-17,5.49,5.81,5.2,5.3
JFIN,2020-06-18,5.0,5.26,4.65,5.11
JFIN,2020-06-19,5.3,5.33,4.82,4.96
JFIN,2020-06-22,4.62,4.8,4.225,4.4
JFIN,2020-06-23,4.28,4.45,3.84,4.3
JFIN,2020-06-24,4.72,5.39,4.28,4.56
JFIN,2020-06-25,4.23,4.4,4.0,4.28
JFIN,2020-06-26,4.11,4.245,3.91,3.98
JFIN,2020-06-29,3.97,4.08,3.6701,3.86
JFIN,2020-06-30,3.8,4.08,3.75,3.91
JFIN,2020-07-01,3.85,4.35,3.71,4.0
JFIN,2020-07-02,3.9,4.1,3.85,3.88
JFIN,2020-07-06,4.13,4.6,3.9,4.19
JFIN,2020-07-07,4.12,4.28,3.91,3.99
JFIN,2020-07-08,4.05,4.28,3.94,4.14
JFIN,2020-07-09,4.29,4.29,4.0,4.07
JFIN,2020-07-10,4.3,4.48,4.0,4.22
JFIN,2020-07-13,4.22,4.2299,3.82,3.85
JFIN,2020-07-14,3.8,3.92,3.6,3.63
JFIN,2020-07-15,4.12,4.15,3.7,3.82
JFIN,2020-07-16,3.86,3.95,3.71,3.81
JFIN,2020-07-17,3.77,4.14,3.73,3.92
JFIN,2020-07-20,3.93,4.0,3.85,3.93
JFIN,2020-07-21,3.95,4.34,3.85,4.08
JFIN,2020-07-22,4.07,4.07,3.88,3.99
JFIN,2020-07-23,3.94,4.0,3.8,3.81
JFIN,2020-07-24,3.81,3.89,3.68,3.7
JFIN,2020-07-27,3.75,3.834,3.63,3.67
JFIN,2020-07-28,3.76,3.76,3.56,3.57
JFIN,2020-07-29,3.6,3.71,3.46,3.46
JFIN,2020-07-30,3.39,3.89,3.22,3.61
JFIN,2020-07-31,3.56,3.64,3.43,3.53
JFIN,2020-08-03,3.54,3.5854,3.47,3.48
JFIN,2020-08-04,3.47,3.53,3.44,3.45
JFIN,2020-08-05,3.45,3.51,3.43,3.48
JFIN,2020-08-06,3.53,3.739,3.52,3.67
JFIN,2020-08-07,3.68,3.74,3.5202,3.69
JFIN,2020-08-10,3.66,3.78,3.66,3.72
JFIN,2020-08-11,3.71,3.76,3.46,3.49
JFIN,2020-08-12,3.52,3.5467,3.4,3.46
JFIN,2020-08-13,3.42,3.72,3.3198,3.45
JFIN,2020-08-14,3.4,3.5584,3.37,3.39
JFIN,2020-08-17,3.46,3.48,3.34,3.34
JFIN,2020-08-18,3.34,3.44,3.3,3.37
JFIN,2020-08-19,3.34,3.3764,3.09,3.09
JFIN,2020-08-20,3.13,3.14,2.75,2.8
JFIN,2020-08-21,2.83,2.9,2.6501,2.7
JFIN,2020-08-24,2.77,2.77,2.6,2.7
JFIN,2020-08-25,2.74,3.64,2.71,3.6
JFIN,2020-08-26,3.6,3.6583,3.2801,3.49
JFIN,2020-08-27,3.41,3.46,3.33,3.4
JFIN,2020-08-28,3.41,3.83,3.3,3.76
JFIN,2020-08-31,3.81,4.26,3.81,4.1
JFIN,2020-09-01,4.1,4.16,3.6884,3.75
JFIN,2020-09-02,2.9754,3.14,2.8,2.9
JFIN,2020-09-03,2.86,2.94,2.83,2.88
JFIN,2020-09-04,2.77,2.8,2.6,2.79
JFIN,2020-09-08,2.76,2.78,2.5219,2.66
JFIN,2020-09-09,2.58,2.6,2.52,2.6
JFIN,2020-09-10,2.56,2.7499,2.55,2.58
JFIN,2020-09-11,2.54,2.6763,2.51,2.55
JFIN,2020-09-14,2.56,2.64,2.51,2.55
JFIN,2020-09-15,2.54,2.57,2.51,2.51
JFIN,2020-09-16,2.48,2.88,2.47,2.75
JFIN,2020-09-17,2.68,3.0,2.6101,3.0
JFIN,2020-09-18,2.83,2.9932,2.8001,2.84
JFIN,2020-09-21,2.8,2.92,2.75,2.88
JFIN,2020-09-22,2.88,3.39,2.8158,3.26
JFIN,2020-09-23,3.32,3.4728,3.03,3.08
JFIN,2020-09-24,2.88,3.05,2.75,2.8501
JFIN,2020-09-25,2.88,3.05,2.88,2.9
JFIN,2020-09-28,2.9,3.2738,2.9,3.0
JFIN,2020-09-29,3.0,3.22,2.9523,3.04
JFIN,2020-09-30,3.59,4.24,3.17,3.33
JFIN,2020-10-01,3.04,3.22,2.89,2.92
JFIN,2020-10-02,2.82,3.1195,2.78,2.98
JFIN,2020-10-05,2.98,3.08,2.771,2.92
JFIN,2020-10-06,2.86,3.03,2.82,2.82
JFIN,2020-10-07,2.83,2.9499,2.81,2.83
JFIN,2020-10-08,2.93,2.9499,2.85,2.91
JFIN,2020-10-09,2.93,2.96,2.84,2.85
JFIN,2020-10-12,2.9,3.09,2.85,2.94
JFIN,2020-10-13,2.94,2.98,2.89,2.92
JFIN,2020-10-14,2.95,3.07,2.9,3.0
JFIN,2020-10-15,3.07,3.07,2.94,3.02
JFIN,2020-10-16,3.02,3.2699,2.97,3.07
JFIN,2020-10-19,3.1,3.3852,3.01,3.22
JFIN,2020-10-20,3.23,3.3,3.05,3.07
JFIN,2020-10-21,3.16,3.6,3.1,3.22
JFIN,2020-10-22,3.2,3.2,2.86,3.07
JFIN,2020-10-23,3.06,3.115,2.95,3.08
JFIN,2020-10-26,3.09,3.1299,2.86,2.96
JFIN,2020-10-27,3.01,3.16,2.9201,2.96
JFIN,2020-10-28,2.96,2.96,2.79,2.84
JFIN,2020-10-29,2.85,2.9834,2.81,2.92
JFIN,2020-10-30,2.9,2.9,2.75,2.82
JFIN,2020-11-02,2.79,2.89,2.71,2.77
JFIN,2020-11-03,2.75,2.84,2.72,2.73
JFIN,2020-11-04,2.73,2.79,2.6899,2.79
JFIN,2020-11-05,2.78,2.8,2.6799,2.74
JFIN,2020-11-06,2.75,2.8222,2.68,2.7
JFIN,2020-11-09,2.75,2.79,2.66,2.74
JFIN,2020-11-10,2.7,2.78,2.68,2.68
JFIN,2020-11-11,2.68,2.74,2.68,2.74
JFIN,2020-11-12,2.7,2.88,2.7,2.83
JFIN,2020-11-13,2.83,2.84,2.75,2.84
JFIN,2020-11-16,2.83,2.85,2.7543,2.76
JFIN,2020-11-17,2.75,2.94,2.71,2.91
JFIN,2020-11-18,2.95,2.99,2.81,2.89
JFIN,2020-11-19,2.88,2.89,2.8,2.825
JFIN,2020-11-20,2.91,3.02,2.83,2.95
JFIN,2020-11-23,3.04,3.16,3.01,3.15
JFIN,2020-11-24,3.2,3.4799,3.1,3.39
JFIN,2020-11-25,3.68,4.74,3.65,4.01
JFIN,2020-11-27,3.8,4.04,3.641,3.77
JFIN,2020-11-30,3.61,3.7,3.21,3.31
JFIN,2020-12-01,3.53,3.65,3.22,3.32
JFIN,2020-12-02,3.33,3.39,3.12,3.31
JFIN,2020-12-03,3.35,4.35,3.33,4.1
JFIN,2020-12-04,3.85,4.0,3.72,3.88
JFIN,2020-12-07,3.75,3.84,3.6,3.7
JFIN,2020-12-08,3.72,3.87,3.6501,3.76
JFIN,2020-12-09,3.76,4.2299,3.73,3.91
JFIN,2020-12-10,3.91,3.91,3.7001,3.72
JFIN,2020-12-11,3.73,3.84,3.71,3.73
JFIN,2020-12-14,3.71,3.81,3.59,3.59
JFIN,2020-12-15,3.63,3.79,3.6,3.72
JFIN,2020-12-16,3.75,3.76,3.66,3.75
JFIN,2020-12-17,3.82,3.8398,3.6,3.64
JFIN,2020-12-18,3.6,3.72,3.6,3.67
JFIN,2020-12-21,3.61,3.66,3.44,3.46
JFIN,2020-12-22,3.44,3.4835,3.38,3.38
JFIN,2020-12-23,3.41,3.41,3.15,3.33
JFIN,2020-12-24,3.28,3.41,3.2,3.233
JFIN,2020-12-28,3.18,3.38,3.17,3.21
JFIN,2020-12-29,3.26,3.35,3.01,3.07
JFIN,2020-12-30,3.08,3.29,3.01,3.05
JFIN,2020-12-31,3.05,3.22,3.01,3.05
JFIN,2021-01-04,3.05,3.21,3.05,3.16
JFIN,2021-01-05,3.16,3.3,3.16,3.23
JFIN,2021-01-06,3.23,3.34,3.12,3.15
JFIN,2021-01-07,3.15,3.46,3.15,3.43
JFIN,2021-01-08,3.54,3.56,3.28,3.48
JFIN,2021-01-11,3.39,3.5,3.34,3.38
JFIN,2021-01-12,3.44,3.7,3.28,3.55
JFIN,2021-01-13,3.55,3.6,3.4,3.45
JFIN,2021-01-14,3.45,3.67,3.45,3.55
JFIN,2021-01-15,3.57,3.57,3.26,3.39
JFIN,2021-01-19,3.46,3.5,3.32,3.45
JFIN,2021-01-20,3.5,3.57,3.43,3.43
JFIN,2021-01-21,3.43,3.7708,3.35,3.65
JFIN,2021-01-22,3.76,3.769,3.5484,3.7
JFIN,2021-01-25,3.8,3.84,3.65,3.8
JFIN,2021-01-26,3.82,3.82,3.7001,3.73
JFIN,2021-01-27,3.64,3.64,3.34,3.37
JFIN,2021-01-28,3.38,3.6597,3.38,3.5
JFIN,2021-01-29,3.5,3.62,3.32,3.35
JFIN,2021-02-01,3.43,3.5,3.35,3.5
JFIN,2021-02-02,3.5,3.58,3.4,3.46
JFIN,2021-02-03,3.46,3.6,3.44,3.58
JFIN,2021-02-04,3.6,4.07,3.564,3.78
JFIN,2021-02-05,4.15,4.95,3.98,4.02
JFIN,2021-02-08,4.15,4.29,3.9,4.02
JFIN,2021-02-09,3.93,4.2,3.9,4.11
JFIN,2021-02-10,4.22,4.3319,3.95,4.11
JFIN,2021-02-11,4.28,4.55,4.15,4.5
JFIN,2021-02-12,4.45,4.665,4.34,4.59
JFIN,2021-02-16,4.83,5.26,4.72,5.26
JFIN,2021-02-17,5.36,5.7,4.83,5.36
JFIN,2021-02-18,5.21,6.8,5.05,5.9
JFIN,2021-02-19,6.0335,6.38,5.38,5.61
JFIN,2021-02-22,5.7696,6.45,5.7,5.9
JFIN,2021-02-23,5.1001,5.3,4.34,5.1
JFIN,2021-02-24,4.96,5.47,4.76,5.17
JFIN,2021-02-25,5.18,5.3004,4.71,4.74
JFIN,2021-02-26,4.5,4.85,4.11,4.3
JFIN,2021-03-01,4.38,4.79,4.38,4.61
JFIN,2021-03-02,4.75,4.75,4.32,4.5
JFIN,2021-03-03,4.5,4.6548,4.25,4.28
JFIN,2021-03-04,4.22,4.31,3.85,3.85
JFIN,2021-03-05,3.91,4.1,3.502,3.74
JFIN,2021-03-08,3.86,3.87,3.64,3.67
JFIN,2021-03-09,3.75,3.89,3.717,3.78
JFIN,2021-03-10,3.81,4.1,3.76,3.96
JFIN,2021-03-11,4.09,4.17,3.85,4.11
JFIN,2021-03-12,4.1,4.3,4.07,4.3
JFIN,2021-03-15,4.3,4.6,4.3,4.56
JFIN,2021-03-16,4.455,4.79,4.27,4.27
JFIN,2021-03-17,4.33,5.78,4.31,5.42
JFIN,2021-03-18,5.35,13.6,5.3,9.41
JFIN,2021-03-19,8.41,9.1,7.51,8.22
JFIN,2021-03-22,7.72,14.95,7.61,14.64
JFIN,2021-03-23,12.74,12.98,9.85,10.26
JFIN,2021-03-24,10.96,12.47,9.29,9.88
JFIN,2021-03-25,9.2,10.39,7.99,9.38
JFIN,2021-03-26,9.35,9.87,8.27,8.92
JFIN,2021-03-29,9.08,9.0899,7.61,7.75
JFIN,2021-03-30,7.76,10.2373,7.76,8.7
JFIN,2021-03-31,8.57,8.78,8.0265,8.25
JFIN,2021-04-01,8.35,8.7,8.0294,8.47
JFIN,2021-04-05,9.01,9.32,7.675,7.84
JFIN,2021-04-06,7.85,7.99,7.28,7.81
JFIN,2021-04-07,7.55,7.6898,7.12,7.16
JFIN,2021-04-08,7.39,8.47,7.2101,8.41
JFIN,2021-04-09,8.2796,8.2796,7.55,7.82
JFIN,2021-04-12,7.4,7.5887,6.53,6.63
JFIN,2021-04-13,6.6826,6.93,6.4097,6.68
JFIN,2021-04-14,6.64,7.0,6.46,6.55
JFIN,2021-04-15,6.62,6.6701,5.65,5.66
JFIN,2021-04-16,5.69,6.3,5.51,5.99
JFIN,2021-04-19,5.77,5.98,5.5,5.57
JFIN,2021-04-20,5.58,5.95,5.46,5.52
JFIN,2021-04-21,5.48,5.58,5.2,5.56
JFIN,2021-04-22,5.56,6.17,5.28,5.28
JFIN,2021-04-23,5.38,5.94,5.3,5.74
JFIN,2021-04-26,5.91,7.88,5.91,7.12
JFIN,2021-04-27,7.77,7.77,6.7,7.5
JFIN,2021-04-28,7.16,7.4,6.82,6.85
JFIN,2021-04-29,6.93,7.27,6.76,7.12
JFIN,2021-04-30,7.02,7.2056,6.41,6.54
JFIN,2021-05-03,6.46,6.8,6.36,6.58
JFIN,2021-05-04,6.48,6.5,5.91,6.05
JFIN,2021-05-05,6.05,6.7,6.01,6.27
JFIN,2021-05-06,6.4,6.4,5.76,5.97
JFIN,2021-05-07,5.64,6.18,5.62,5.77
JFIN,2021-05-10,5.61,5.71,5.1963,5.25
JFIN,2021-05-11,5.29,5.6,5.01,5.38
JFIN,2021-05-12,5.13,5.44,4.91,5.01
JFIN,2021-05-13,5.03,5.279,4.81,4.91
JFIN,2021-05-14,4.96,5.35,4.96,5.28
JFIN,2021-05-17,5.17,5.61,5.17,5.51
JFIN,2021-05-18,5.65,5.7305,5.43,5.53
JFIN,2021-05-19,5.39,5.57,5.35,5.52
JFIN,2021-05-20,5.43,5.84,5.42,5.75
JFIN,2021-05-21,5.86,5.89,5.5,5.5
JFIN,2021-05-24,5.52,5.7329,5.44,5.54
JFIN,2021-05-25,5.55,5.88,5.5,5.61
JFIN,2021-05-26,5.63,6.65,5.63,6.5
JFIN,2021-05-27,6.5352,7.27,6.24,6.48
JFIN,2021-05-28,6.47,6.59,6.0,6.03
JFIN,2021-06-01,6.18,6.61,6.1522,6.49
JFIN,2021-06-02,6.66,7.1447,6.5,6.83
JFIN,2021-06-03,6.85,6.877,6.35,6.61
JFIN,2021-06-04,6.65,6.92,6.5,6.74
JFIN,2021-06-07,6.85,6.85,6.15,6.28
JFIN,2021-06-08,6.42,6.42,6.0,6.35
JFIN,2021-06-09,6.21,7.25,6.196,6.89
JFIN,2021-06-10,6.65,6.84,6.17,6.25
JFIN,2021-06-11,6.34,6.37,6.07,6.16
JFIN,2021-06-14,6.19,6.28,6.03,6.11
JFIN,2021-06-15,6.09,6.0999,5.8,5.95
JFIN,2021-06-16,5.84,6.04,5.38,5.43
JFIN,2021-06-17,5.44,5.62,5.38,5.5
JFIN,2021-06-18,5.4,5.46,5.32,5.33
JFIN,2021-06-21,5.35,5.81,5.35,5.68
JFIN,2021-06-22,5.65,5.7566,5.25,5.25
JFIN,2021-06-23,5.37,5.55,5.26,5.26
JFIN,2021-06-24,5.36,5.58,5.3001,5.58
JFIN,2021-06-25,5.53,5.74,5.511,5.58
JFIN,2021-06-28,5.58,5.59,5.35,5.51
JFIN,2021-06-29,5.46,5.54,5.4079,5.46
JFIN,2021-06-30,5.42,5.45,5.15,5.29
JFIN,2021-07-01,5.35,5.46,5.28,5.42
JFIN,2021-07-02,5.31,5.42,5.25,5.3
JFIN,2021-07-06,5.18,5.23,5.11,5.17
JFIN,2021-07-07,5.22,5.22,4.9,4.98
JFIN,2021-07-08,4.95,5.12,4.73,4.87
JFIN,2021-07-09,5.04,5.11,4.89,4.99
JFIN,2021-07-12,4.93,5.12,4.85,4.85
JFIN,2021-07-13,4.82,5.0,4.77,4.87
JFIN,2021-07-14,4.93,5.0,4.8,4.87
JFIN,2021-07-15,4.85,5.0199,4.79,4.88
JFIN,2021-07-16,4.91,4.97,4.68,4.73
JFIN,2021-07-19,4.59,4.81,4.38,4.53
JFIN,2021-07-20,4.59,4.6,4.301,4.5
JFIN,2021-07-21,4.43,4.8,4.4,4.72
JFIN,2021-07-22,4.7887,4.89,4.6,4.77
JFIN,2021-07-23,4.68,4.68,4.42,4.53
JFIN,2021-07-26,4.4,4.57,4.23,4.46
JFIN,2021-07-27,4.3,4.37,3.76,3.95
JFIN,2021-07-28,4.05,4.2499,3.93,3.99
JFIN,2021-07-29,4.105,4.1628,3.95,3.99
JFIN,2021-07-30,3.92,4.05,3.91,3.98
JFIN,2021-08-02,4.03,4.1546,3.9981,4.12
JFIN,2021-08-03,4.06,4.15,3.96,3.96
JFIN,2021-08-04,3.97,4.1561,3.93,3.93
JFIN,2021-08-05,3.9,4.1124,3.81,3.83
JFIN,2021-08-06,3.79,4.0,3.79,3.91
JFIN,2021-08-09,3.95,4.1189,3.91,4.09
JFIN,2021-08-10,4.08,4.15,4.06,4.13
JFIN,2021-08-11,4.23,4.23,3.97,4.04
JFIN,2021-08-12,3.99,4.1389,3.8,3.92
JFIN,2021-08-13,3.86,3.96,3.8038,3.85
JFIN,2021-08-16,3.82,3.99,3.6,3.65
JFIN,2021-08-17,3.7,3.87,3.45,3.57
JFIN,2021-08-18,3.71,3.7736,3.57,3.72
JFIN,2021-08-19,3.8,3.8,3.34,3.43
JFIN,2021-08-20,3.37,3.6799,3.37,3.4
JFIN,2021-08-23,3.44,3.7648,3.44,3.74
JFIN,2021-08-24,3.78,4.17,3.78,3.93
JFIN,2021-08-25,4.354,5.45,4.31,4.97
JFIN,2021-08-26,4.82,4.96,4.4201,4.54
JFIN,2021-08-27,4.44,4.65,4.06,4.06
JFIN,2021-08-30,4.4416,4.5,4.09,4.35
JFIN,2021-08-31,4.31,4.63,4.15,4.55
JFIN,2021-09-01,4.63,4.63,4.41,4.46
JFIN,2021-09-02,4.41,4.5,4.2,4.33
JFIN,2021-09-03,4.33,4.49,4.2088,4.46
JFIN,2021-09-07,4.46,4.62,4.22,4.3
JFIN,2021-09-08,4.22,4.285,3.9996,4.08
JFIN,2021-09-09,4.0,4.0549,3.87,3.9
JFIN,2021-09-10,3.95,4.1,3.83,3.89
JFIN,2021-09-13,3.95,3.95,3.6,3.82
JFIN,2021-09-14,3.81,3.87,3.651,3.7
JFIN,2021-09-15,3.7,3.7613,3.53,3.57
JFIN,2021-09-16,3.55,3.75,3.51,3.75
JFIN,2021-09-17,3.81,3.829,3.64,3.72
JFIN,2021-09-20,3.66,3.7788,3.5,3.61
JFIN,2021-09-21,3.64,3.698,3.58,3.61
JFIN,2021-09-22,3.8,3.89,3.57,3.82
JFIN,2021-09-23,3.89,3.94,3.7,3.94
JFIN,2021-09-24,3.88,4.12,3.7201,4.06
JFIN,2021-09-27,4.02,4.5868,3.95,4.4
JFIN,2021-09-28,4.28,4.3,3.94,3.96
JFIN,2021-09-29,4.01,4.01,3.77,3.88
JFIN,2021-09-30,3.83,3.83,3.68,3.73
JFIN,2021-10-01,3.61,3.72,3.6,3.63
JFIN,2021-10-04,3.61,3.71,3.56,3.61
JFIN,2021-10-05,3.58,3.76,3.58,3.67
JFIN,2021-10-06,3.6,3.77,3.6,3.76
JFIN,2021-10-07,3.77,4.0,3.77,3.92
JFIN,2021-10-08,3.99,3.99,3.87,3.93
JFIN,2021-10-11,3.95,4.08,3.95,3.99
JFIN,2021-10-12,3.99,4.07,3.9056,3.97
JFIN,2021-10-13,3.97,4.011,3.83,3.83
JFIN,2021-10-14,3.9,3.96,3.7749,3.81
JFIN,2021-10-15,3.9,3.9,3.75,3.86
JFIN,2021-10-18,3.83,3.849,3.7653,3.78
JFIN,2021-10-19,3.8,4.05,3.8,3.94
JFIN,2021-10-20,3.93,4.88,3.93,4.28
JFIN,2021-10-21,4.3,4.4494,4.1301,4.24
JFIN,2021-10-22,4.27,4.4296,4.12,4.23
JFIN,2021-10-25,4.22,4.3493,4.15,4.19
JFIN,2021-10-26,4.18,4.24,4.02,4.09
JFIN,2021-10-27,4.03,4.121,3.78,3.9
JFIN,2021-10-28,3.82,3.9957,3.82,3.87
JFIN,2021-10-29,3.87,3.8977,3.76,3.8
JFIN,2021-11-01,3.86,4.05,3.86,3.99
JFIN,2021-11-02,3.99,4.0,3.88,3.95
JFIN,2021-11-03,3.91,4.2,3.91,4.11
JFIN,2021-11-04,4.11,4.13,3.98,4.02
JFIN,2021-11-05,3.99,4.15,3.9,3.97
JFIN,2021-11-08,3.97,3.9987,3.88,3.92
JFIN,2021-11-09,3.97,3.97,3.82,3.89
JFIN,2021-11-10,3.92,4.09,3.72,3.75
JFIN,2021-11-11,3.8,3.97,3.71,3.8
JFIN,2021-11-12,3.76,3.94,3.76,3.87
JFIN,2021-11-15,3.87,3.9,3.7906,3.89
JFIN,2021-11-16,3.88,3.95,3.78,3.88
JFIN,2021-11-17,3.9,3.95,3.81,3.85
JFIN,2021-11-18,3.81,3.83,3.62,3.65
JFIN,2021-11-19,3.65,3.8099,3.6085,3.63
JFIN,2021-11-22,3.67,3.8,3.55,3.8
JFIN,2021-11-23,3.78,4.13,3.76,3.79
JFIN,2021-11-24,3.52,3.81,3.4,3.8
JFIN,2021-11-26,3.67,3.7398,3.5501,3.6
JFIN,2021-11-29,3.66,3.67,3.33,3.39
JFIN,2021-11-30,3.35,3.39,3.16,3.2252
JFIN,2021-12-01,3.29,3.3872,3.12,3.12
JFIN,2021-12-02,3.2,3.28,2.9162,2.99
JFIN,2021-12-03,3.03,3.03,2.61,2.68
JFIN,2021-12-06,2.64,2.84,2.51,2.74
JFIN,2021-12-07,2.87,3.0999,2.79,2.94
JFIN,2021-12-08,3.01,3.13,2.9448,3.01
JFIN,2021-12-09,3.02,3.0927,2.92,2.92
JFIN,2021-12-10,2.86,2.91,2.8101,2.84
JFIN,2021-12-13,2.76,2.76,2.63,2.63
JFIN,2021-12-14,2.63,2.69,2.48,2.57
JFIN,2021-12-15,2.53,2.7,2.35,2.64
JFIN,2021-12-16,2.7697,2.7697,2.51,2.58
JFIN,2021-12-17,2.58,2.6,2.46,2.59
JFIN,2021-12-20,2.39,2.53,2.32,2.35
JFIN,2021-12-21,2.45,2.5699,2.45,2.5
JFIN,2021-12-22,2.6,2.7182,2.365,2.4
JFIN,2021-12-23,2.4,2.4688,2.39,2.43
JFIN,2021-12-27,2.39,2.448,2.3,2.3
JFIN,2021-12-28,2.27,2.4,2.26,2.3
JFIN,2021-12-29,2.25,2.25,2.1,2.16
JFIN,2021-12-30,2.15,2.34,2.14,2.28
JFIN,2021-12-31,2.28,2.3,2.16,2.2
JFIN,2022-01-03,2.89,2.89,2.24,2.31
JFIN,2022-01-04,2.29,2.29,2.05,2.23
JFIN,2022-01-05,2.17,2.2473,2.15,2.16
JFIN,2022-01-06,2.14,2.21,2.06,2.11
JFIN,2022-01-07,2.12,2.1999,2.07,2.17
JFIN,2022-01-10,2.21,2.25,2.0595,2.15
JFIN,2022-01-11,2.15,2.3399,2.15,2.27
JFIN,2022-01-12,2.33,2.43,2.26,2.33
JFIN,2022-01-13,2.33,2.4299,2.2176,2.25
JFIN,2022-01-14,2.26,2.3347,2.13,2.23
JFIN,2022-01-18,2.13,2.19,2.04,2.0878
JFIN,2022-01-19,2.1,2.12,1.94,2.06
JFIN,2022-01-20,2.08,2.245,2.08,2.15
JFIN,2022-01-21,2.1,2.11,2.0,2.0
JFIN,2022-01-24,2.0,2.0,1.7151,1.82
JFIN,2022-01-25,1.82,2.15,1.82,2.03
JFIN,2022-01-26,2.07,2.11,1.93,1.9479
JFIN,2022-01-27,1.93,1.95,1.76,1.8385
JFIN,2022-01-28,1.87,1.899,1.75,1.87
JFIN,2022-01-31,1.9,2.078,1.89,1.9763
JFIN,2022-02-01,2.1,2.24,2.07,2.24
JFIN,2022-02-02,2.24,2.24,2.09,2.12
JFIN,2022-02-03,2.1,2.11,1.96,2.02
JFIN,2022-02-04,2.0,2.11,1.97,2.1
JFIN,2022-02-07,2.11,2.22,2.08,2.22
JFIN,2022-02-08,2.3,2.3,2.2,2.27
JFIN,2022-02-09,2.28,2.3358,2.251,2.26
JFIN,2022-02-10,2.25,2.36,2.25,2.32
JFIN,2022-02-11,2.36,2.36,2.2388,2.27
JFIN,2022-02-14,2.26,2.34,2.2,2.3
JFIN,2022-02-15,2.34,2.35,2.28,2.35
JFIN,2022-02-16,2.39,2.4,2.28,2.39
JFIN,2022-02-17,2.33,2.44,2.26,2.26
JFIN,2022-02-18,2.3,2.4399,2.14,2.21
JFIN,2022-02-22,2.29,2.29,2.058,2.25
JFIN,2022-02-23,2.25,2.25,2.1003,2.21
JFIN,2022-02-24,1.99,2.15,1.99,2.15
JFIN,2022-02-25,2.1,2.1832,2.01,2.095
JFIN,2022-02-28,2.06,2.13,2.05,2.05
JFIN,2022-03-01,2.086,2.17,2.05,2.05
JFIN,2022-03-02,2.09,2.21,2.0799,2.1
JFIN,2022-03-03,2.14,2.18,2.04,2.12
JFIN,2022-03-04,2.12,2.21,2.1,2.13
JFIN,2022-03-07,2.16,2.17,2.03,2.09
JFIN,2022-03-08,2.11,2.16,1.9602,2.03
JFIN,2022-03-09,2.065,2.11,2.05,2.1
JFIN,2022-03-10,2.3,2.37,2.11,2.2
JFIN,2022-03-11,2.17,2.2,2.1017,2.11
JFIN,2022-03-14,2.11,2.11,1.88,1.97
JFIN,2022-03-15,1.96,2.0399,1.66,1.99
JFIN,2022-03-16,2.26,2.26,2.08,2.12
JFIN,2022-03-17,2.13,2.3,2.1295,2.25
JFIN,2022-03-18,1.96,2.5486,1.96,2.4
JFIN,2022-03-21,2.37,2.4398,2.3,2.38
JFIN,2022-03-22,2.45,2.55,2.35,2.54
JFIN,2022-03-23,2.4957,2.8,2.4957,2.67
JFIN,2022-03-24,2.65,2.96,2.65,2.78
JFIN,2022-03-25,2.82,2.85,2.67,2.84
JFIN,2022-03-28,2.87,2.89,2.69,2.77
JFIN,2022-03-29,3.0,3.08,2.77,2.99
JFIN,2022-03-30,3.0,3.19,3.0,3.02
JFIN,2022-03-31,2.97,3.0,2.68,2.76
JFIN,2022-04-01,2.78,2.8605,2.66,2.75
JFIN,2022-04-04,2.751,2.82,2.66,2.72
JFIN,2022-04-05,2.72,2.73,2.5038,2.57
JFIN,2022-04-06,2.42,2.5499,2.3,2.32
JFIN,2022-04-07,2.35,2.42,2.33,2.42
JFIN,2022-04-08,2.36,2.5,2.3561,2.41
JFIN,2022-04-11,2.34,2.43,2.33,2.34
JFIN,2022-04-12,2.36,2.5,2.29,2.29
JFIN,2022-04-13,2.265,2.4,2.265,2.4
JFIN,2022-04-14,2.334,2.42,2.3,2.3
JFIN,2022-04-18,2.26,2.38,2.24,2.38
JFIN,2022-04-19,2.3,2.3598,2.2901,2.31
JFIN,2022-04-20,2.3,2.3512,2.23,2.31
JFIN,2022-04-21,2.25,2.27,2.18,2.24
JFIN,2022-04-22,2.29,2.29,2.15,2.22
JFIN,2022-04-25,2.18,2.2355,2.1501,2.19
JFIN,2022-04-26,2.15,2.18,2.0,2.03
JFIN,2022-04-27,2.09,2.19,1.98,2.0
JFIN,2022-04-28,1.99,2.0699,1.95,1.97
JFIN,2022-04-29,2.01,2.14,1.99,1.99
JFIN,2022-05-02,1.95,2.05,1.95,2.01
JFIN,2022-05-03,1.99,2.07,1.9501,1.97
JFIN,2022-05-04,1.92,2.09,1.92,2.06
JFIN,2022-05-05,2.04,2.046,1.97,2.0017
JFIN,2022-05-06,2.0532,2.068,1.965,1.99
JFIN,2022-05-09,1.95,1.9658,1.7701,1.83
JFIN,2022-05-10,1.85,1.85,1.78,1.78
JFIN,2022-05-11,1.77,1.8,1.5699,1.62
JFIN,2022-05-12,1.58,1.78,1.58,1.71
JFIN,2022-05-13,1.71,1.85,1.71,1.76
JFIN,2022-05-16,1.73,1.85,1.73,1.78
JFIN,2022-05-17,1.8,1.84,1.8,1.82
JFIN,2022-05-18,1.82,1.8392,1.73,1.73
JFIN,2022-05-19,1.79,1.83,1.73,1.73
JFIN,2022-05-20,1.8299,1.84,1.76,1.78
JFIN,2022-05-23,1.765,1.8,1.7624,1.77
JFIN,2022-05-24,1.7301,1.75,1.5999,1.68
JFIN,2022-05-25,1.6,1.7044,1.6,1.7
JFIN,2022-05-26,1.6586,1.74,1.6586,1.73
JFIN,2022-05-27,1.72,1.74,1.68,1.73
JFIN,2022-05-31,1.76,1.78,1.7,1.77
JFIN,2022-06-01,1.73,1.79,1.7,1.7
JFIN,2022-06-02,1.71,1.79,1.675,1.77
JFIN,2022-06-03,1.7401,1.78,1.7401,1.77
JFIN,2022-06-06,1.78,1.89,1.77,1.89
JFIN,2022-06-07,1.85,2.03,1.85,2.03
JFIN,2022-06-08,2.33,2.3499,2.031,2.28
JFIN,2022-06-09,2.45,2.45,2.15,2.24
JFIN,2022-06-10,2.2,2.2,2.03,2.08
JFIN,2022-06-13,1.97,1.99,1.91,1.988
JFIN,2022-06-14,1.98,2.05,1.96,2.05
JFIN,2022-06-15,2.062,2.225,2.02,2.16
JFIN,2022-06-16,2.25,2.26,2.0201,2.1
JFIN,2022-06-17,2.1,2.1635,2.0479,2.1
JFIN,2022-06-21,2.12,2.2197,2.1,2.14
JFIN,2022-06-22,2.42,2.42,1.98,2.1
JFIN,2022-06-23,2.18,2.18,2.0559,2.12
JFIN,2022-06-24,2.14,2.2,2.12,2.18
JFIN,2022-06-27,2.02,2.2453,2.02,2.13
JFIN,2022-06-28,2.12,2.2399,2.12,2.13
JFIN,2022-06-29,2.15,2.15,2.0528,2.13
JFIN,2022-06-30,2.12,2.275,2.07,2.24
JFIN,2022-07-01,2.38,2.38,2.22,2.31
JFIN,2022-07-05,2.29,2.37,2.1935,2.36
JFIN,2022-07-06,2.2631,2.36,2.2631,2.36
JFIN,2022-07-07,2.37,2.45,2.36,2.36
JFIN,2022-07-08,2.35,2.4083,2.29,2.3699
JFIN,2022-07-11,2.37,2.44,2.3444,2.38
JFIN,2022-07-12,2.35,2.35,2.34,2.34
JFIN,2022-07-13,2.34,2.35,2.31,2.33
JFIN,2022-07-14,2.3056,2.38,2.28,2.36
JFIN,2022-07-15,2.37,2.37,2.28,2.35
JFIN,2022-07-18,2.36,2.36,2.26,2.26
JFIN,2022-07-19,2.31,2.3201,2.2698,2.3
JFIN,2022-07-20,2.3,2.34,2.28,2.29
JFIN,2022-07-21,2.32,2.3215,2.16,2.21
JFIN,2022-07-22,2.19,2.321,2.16,2.16
JFIN,2022-07-25,2.16,2.1954,2.112,2.12
JFIN,2022-07-26,2.12,2.12,2.06,2.06
JFIN,2022-07-27,2.06,2.18,2.05,2.14
JFIN,2022-07-28,2.188,2.36,2.166,2.32
JFIN,2022-07-29,2.2772,2.32,2.25,2.27
JFIN,2022-08-01,2.21,2.25,2.1814,2.21
JFIN,2022-08-02,2.16,2.27,2.15,2.17
JFIN,2022-08-03,2.27,2.305,2.1903,2.28
JFIN,2022-08-04,2.285,2.33,2.285,2.325
JFIN,2022-08-05,2.3009,2.3009,2.21,2.25
JFIN,2022-08-08,2.225,2.29,2.21,2.27
JFIN,2022-08-09,2.26,2.34,2.26,2.34
JFIN,2022-08-10,2.28,2.4,2.28,2.4
JFIN,2022-08-11,2.3,2.5,2.3,2.5
JFIN,2022-08-12,2.5,2.665,2.42,2.62
JFIN,2022-08-15,2.6,2.74,2.51,2.59
JFIN,2022-08-16,2.56,2.79,2.52,2.71
JFIN,2022-08-17,2.72,2.98,2.71,2.98
JFIN,2022-08-18,2.71,2.87,2.7,2.76
JFIN,2022-08-19,2.7,2.705,2.4,2.42
JFIN,2022-08-22,2.46,2.512,2.3501,2.42
JFIN,2022-08-23,2.4499,2.45,2.3701,2.415
JFIN,2022-08-24,2.3901,2.5409,2.39,2.47
JFIN,2022-08-25,2.45,2.6,2.45,2.54
JFIN,2022-08-26,2.565,2.65,2.565,2.62
JFIN,2022-08-29,2.86,2.86,2.62,2.75
JFIN,2022-08-30,2.6668,2.95,2.6668,2.77
JFIN,2022-08-31,2.77,2.88,2.7,2.7
JFIN,2022-09-01,2.62,2.75,2.37,2.38
JFIN,2022-09-02,2.4305,2.53,2.38,2.43
JFIN,2022-09-06,2.4,2.42,2.37,2.37
JFIN,2022-09-07,2.38,2.51,2.38,2.49
JFIN,2022-09-08,2.45,2.45,2.3686,2.41
JFIN,2022-09-09,2.42,2.51,2.38,2.5
JFIN,2022-09-12,2.49,2.499,2.37,2.43
JFIN,2022-09-13,2.4,2.47,2.391,2.43
JFIN,2022-09-14,2.38,2.5,2.38,2.47
JFIN,2022-09-15,2.47,2.488,2.3909,2.44
JFIN,2022-09-16,2.4,2.48,2.38,2.44
JFIN,2022-09-19,2.4068,2.53,2.38,2.44
JFIN,2022-09-20,2.44,2.48,2.4,2.46
JFIN,2022-09-21,2.4346,2.4743,2.42,2.45
JFIN,2022-09-22,2.455,2.465,2.185,2.3708
JFIN,2022-09-23,2.35,2.41,2.2901,2.4005
JFIN,2022-09-26,2.3879,2.4,2.19,2.21
JFIN,2022-09-27,2.3,2.3,2.11,2.22
JFIN,2022-09-28,2.24,2.25,2.17,2.24
JFIN,2022-09-29,2.26,2.3026,2.1447,2.19
JFIN,2022-09-30,2.19,2.2336,2.16,2.17
JFIN,2022-10-03,2.14,2.1756,2.122,2.17
JFIN,2022-10-04,2.195,2.23,2.19,2.23
JFIN,2022-10-05,2.12,2.25,2.12,2.23
JFIN,2022-10-06,2.31,2.33,2.2388,2.33
JFIN,2022-10-07,2.312,2.39,2.25,2.25
JFIN,2022-10-10,2.26,2.32,2.21,2.2212
JFIN,2022-10-11,2.25,2.33,2.21,2.21
JFIN,2022-10-12,2.22,2.3,2.2,2.27
JFIN,2022-10-13,2.29,2.32,2.28,2.312
JFIN,2022-10-14,2.29,2.35,2.25,2.27
JFIN,2022-10-17,2.27,2.3601,2.27,2.36
JFIN,2022-10-18,2.39,2.4368,2.3704,2.42
JFIN,2022-10-19,2.38,2.43,2.3,2.3
JFIN,2022-10-20,2.345,2.345,2.27,2.27
JFIN,2022-10-21,2.235,2.27,2.2,2.27
JFIN,2022-10-24,2.26,2.275,2.22,2.22
JFIN,2022-10-25,2.22,2.3,2.21,2.28
JFIN,2022-10-26,2.28,2.29,2.26,2.26
JFIN,2022-10-27,2.2555,2.34,2.2501,2.33
JFIN,2022-10-28,2.36,2.42,2.3446,2.35
JFIN,2022-10-31,2.3596,2.5,2.3596,2.39
JFIN,2022-11-01,2.46,2.5,2.4408,2.48
JFIN,2022-11-02,2.48,2.48,2.43,2.4301
JFIN,2022-11-03,2.445,2.49,2.4201,2.49
JFIN,2022-11-04,2.47,2.4899,2.4066,2.42
JFIN,2022-11-07,2.41,2.4805,2.38,2.38
JFIN,2022-11-08,2.38,2.3876,2.3,2.3
JFIN,2022-11-09,2.3099,2.46,2.3099,2.35
JFIN,2022-11-10,2.4133,2.43,2.2854,2.3927
JFIN,2022-11-11,2.39,2.4037,2.26,2.29
JFIN,2022-11-14,2.32,2.415,2.3,2.3
JFIN,2022-11-15,2.37,2.42,2.35,2.36
JFIN,2022-11-16,2.38,2.42,2.35,2.35
JFIN,2022-11-17,2.3611,2.5,2.32,2.45
JFIN,2022-11-18,2.48,2.52,2.4042,2.47
JFIN,2022-11-21,2.47,2.47,2.46,2.46
JFIN,2022-11-22,2.45,2.51,2.04,2.16
JFIN,2022-11-23,2.5,2.51,1.915,1.9705
JFIN,2022-11-25,2.0,2.05,1.965,2.02
JFIN,2022-11-28,2.0,2.05,1.99,2.0
JFIN,2022-11-29,2.01,2.09,2.01,2.04
JFIN,2022-11-30,2.08,2.1537,1.8602,2.02
JFIN,2022-12-01,2.03,2.15,2.0198,2.12
JFIN,2022-12-02,2.11,2.2015,2.11,2.17
JFIN,2022-12-05,2.21,2.24,2.126,2.2
JFIN,2022-12-06,2.19,2.22,2.12,2.22
JFIN,2022-12-07,2.131,2.132,2.072,2.09
JFIN,2022-12-08,2.12,2.14,2.095,2.13
JFIN,2022-12-09,2.14,2.21,2.135,2.18
JFIN,2022-12-12,2.1,2.19,2.1,2.1761
JFIN,2022-12-13,2.19,2.1901,2.09,2.14
JFIN,2022-12-14,2.1273,2.145,2.12,2.145
JFIN,2022-12-15,2.14,2.14,2.07,2.11
JFIN,2022-12-16,2.1006,2.14,2.1,2.13
JFIN,2022-12-19,2.09,2.14,2.0669,2.08
JFIN,2022-12-20,2.06,2.15,2.05,2.09
JFIN,2022-12-21,2.08,2.1501,2.0709,2.1
JFIN,2022-12-22,2.1,2.18,2.1,2.14
JFIN,2022-12-23,2.14,2.18,2.14,2.18
JFIN,2022-12-27,2.23,2.3,2.1518,2.23
JFIN,2022-12-28,2.26,2.31,2.15,2.23
JFIN,2022-12-29,2.2,2.3,2.1782,2.3
JFIN,2022-12-30,2.24,2.3,2.2,2.3
JFIN,2023-01-03,2.26,2.6101,2.26,2.43
JFIN,2023-01-04,2.53,2.8629,2.53,2.71
JFIN,2023-01-05,2.7,2.85,2.64,2.7744
JFIN,2023-01-06,2.72,2.93,2.63,2.81
JFIN,2023-01-09,2.88,3.15,2.81,3.14
JFIN,2023-01-10,3.15,3.6,3.15,3.6
JFIN,2023-01-11,3.55,3.79,3.47,3.57
JFIN,2023-01-12,3.78,3.78,3.38,3.48
JFIN,2023-01-13,3.46,3.46,3.3,3.33
JFIN,2023-01-17,3.25,3.2508,3.0004,3.16
JFIN,2023-01-18,3.08,3.1816,2.99,3.01
JFIN,2023-01-19,3.09,3.45,3.09,3.1501
JFIN,2023-01-20,3.11,3.3,3.0486,3.17
JFIN,2023-01-23,3.11,3.29,3.11,3.21
JFIN,2023-01-24,3.24,3.3299,3.1405,3.19
JFIN,2023-01-25,3.205,3.205,3.16,3.17
JFIN,2023-01-26,3.2193,3.34,3.18,3.3
JFIN,2023-01-27,3.34,3.53,3.26,3.4
JFIN,2023-01-30,3.52,3.52,3.3001,3.39
JFIN,2023-01-31,3.4699,3.47,3.3,3.4
JFIN,2023-02-01,3.36,3.52,3.3101,3.4894
JFIN,2023-02-02,3.44,3.65,3.38,3.5451
JFIN,2023-02-03,3.46,3.59,3.39,3.432
JFIN,2023-02-06,3.39,3.5138,3.202,3.43
JFIN,2023-02-07,3.53,3.6,3.45,3.46
JFIN,2023-02-08,3.46,3.46,3.21,3.34
JFIN,2023-02-09,3.36,3.36,3.2013,3.22
JFIN,2023-02-10,3.2189,3.3,3.05,3.08
JFIN,2023-02-13,3.03,3.13,2.985,3.03
JFIN,2023-02-14,3.02,3.13,3.02,3.09
JFIN,2023-02-15,3.04,3.36,3.03,3.2
JFIN,2023-02-16,3.23,3.23,3.1208,3.2101
JFIN,2023-02-17,3.1921,3.234,3.0601,3.1399
JFIN,2023-02-21,3.07,3.1,3.02,3.02
JFIN,2023-02-22,3.09,3.09,2.79,3.01
JFIN,2023-02-23,3.0,3.0898,2.96,3.025
JFIN,2023-02-24,3.0,3.0446,2.93,2.98
JFIN,2023-02-27,2.95,2.98,2.92,2.955
JFIN,2023-02-28,2.86,2.9699,2.86,2.9638
JFIN,2023-03-01,2.96,2.96,2.9,2.905
JFIN,2023-03-02,2.902,2.9599,2.9,2.94
JFIN,2023-03-03,2.94,2.97,2.92,2.93
JFIN,2023-03-06,2.91,3.0397,2.9,2.92
JFIN,2023-03-07,2.9,3.0881,2.9,2.94
JFIN,2023-03-08,2.96,2.96,2.92,2.92
JFIN,2023-03-09,2.9,2.91,2.81,2.82
JFIN,2023-03-10,2.81,2.81,2.55,2.58
JFIN,2023-03-13,2.53,2.53,2.4101,2.49
JFIN,2023-03-14,2.537,2.83,2.537,2.66
JFIN,2023-03-15,2.66,2.66,2.54,2.6128
JFIN,2023-03-16,2.52,2.7,2.52,2.7
JFIN,2023-03-17,2.79,2.8,2.6,2.72
JFIN,2023-03-20,2.752,2.752,2.6101,2.64
JFIN,2023-03-21,2.71,2.8927,2.61,2.89
JFIN,2023-03-22,2.872,2.99,2.872,2.92
JFIN,2023-03-23,3.0,3.2,3.0,3.175
JFIN,2023-03-24,3.1815,3.33,3.1815,3.33
JFIN,2023-03-27,3.39,3.39,3.1001,3.31
JFIN,2023-03-28,3.41,3.41,3.33,3.41
JFIN,2023-03-29,3.77,3.99,3.35,3.99
JFIN,2023-03-30,3.98,4.0999,3.62,3.74
JFIN,2023-03-31,3.85,3.9,3.61,3.73
JFIN,2023-04-03,3.82,4.3,3.6988,3.77
JFIN,2023-04-04,3.88,4.0,3.7325,4.0
JFIN,2023-04-05,3.89,3.89,3.7,3.75
JFIN,2023-04-06,3.83,3.85,3.775,3.85
JFIN,2023-04-10,3.92,3.92,3.71,3.84
JFIN,2023-04-11,3.89,3.89,3.71,3.782
JFIN,2023-04-12,3.91,4.0299,3.77,3.86
JFIN,2023-04-13,3.99,3.99,3.81,3.87
JFIN,2023-04-14,3.97,3.97,3.6513,3.75
JFIN,2023-04-17,3.8,4.48,3.8,4.33
JFIN,2023-04-18,4.4,4.68,4.3501,4.68
JFIN,2023-04-19,4.6,4.63,4.32,4.46
JFIN,2023-04-20,4.45,4.45,4.31,4.42
JFIN,2023-04-21,4.46,4.56,4.35,4.41
JFIN,2023-04-24,4.49,4.49,4.23,4.41
JFIN,2023-04-25,4.41,4.41,4.15,4.19
JFIN,2023-04-26,4.18,4.38,4.18,4.3
JFIN,2023-04-27,4.3,4.3,3.9,3.94
JFIN,2023-04-28,3.92,4.23,3.91,4.2
JFIN,2023-05-01,4.29,4.53,4.0814,4.53
JFIN,2023-05-02,4.65,4.65,4.25,4.52
JFIN,2023-05-03,4.52,4.52,4.26,4.34
JFIN,2023-05-04,4.3,4.54,4.26,4.43
JFIN,2023-05-05,4.45,4.8209,4.45,4.74
JFIN,2023-05-08,4.86,5.15,4.8,5.13
JFIN,2023-05-09,5.32,5.77,5.0401,5.64
JFIN,2023-05-10,5.75,5.9,4.84,5.2
JFIN,2023-05-11,5.32,5.4,4.94,5.36
JFIN,2023-05-12,5.52,5.71,5.3508,5.57
JFIN,2023-05-15,5.62,5.9,5.37,5.88
JFIN,2023-05-16,5.9,6.16,5.41,5.69
JFIN,2023-05-17,5.73,5.7515,5.11,5.38
JFIN,2023-05-18,5.45,5.72,5.1,5.21
JFIN,2023-05-19,5.26,5.4699,4.92,5.44
JFIN,2023-05-22,5.58,5.63,5.25,5.36
JFIN,2023-05-23,5.2,5.26,4.81,4.82
JFIN,2023-05-24,5.0,5.05,4.8301,4.95
JFIN,2023-05-25,4.99,4.99,4.7001,4.81
JFIN,2023-05-26,5.04,5.59,4.91,5.49
JFIN,2023-05-30,5.47,6.2799,5.42,6.16
JFIN,2023-05-31,6.2,6.2,5.95,6.15
JFIN,2023-06-01,6.2,6.47,6.01,6.3
JFIN,2023-06-02,6.47,7.35,6.3909,7.28
JFIN,2023-06-05,7.93,8.19,7.3,8.0
JFIN,2023-06-06,8.0,8.085,6.602,6.98
JFIN,2023-06-07,7.07,7.59,7.07,7.3
JFIN,2023-06-08,7.5,7.5,5.23,5.9
JFIN,2023-06-09,6.15,6.1699,5.2,6.02
JFIN,2023-06-12,5.8,5.801,5.02,5.36
JFIN,2023-06-13,5.32,5.57,5.1,5.27
JFIN,2023-06-14,5.27,5.3154,5.02,5.25
JFIN,2023-06-15,5.5,6.05,5.335,5.85
JFIN,2023-06-16,5.85,5.85,5.51,5.72
JFIN,2023-06-20,5.64,6.3,5.6329,6.28
JFIN,2023-06-21,6.25,6.25,5.59,5.605
JFIN,2023-06-22,5.57,5.68,5.2,5.46
JFIN,2023-06-23,5.4,6.0,5.4,5.88
JFIN,2023-06-26,5.74,5.8,5.53,5.56
JFIN,2023-06-27,5.56,5.92,5.56,5.87
JFIN,2023-06-28,5.84,5.93,5.74,5.76
JFIN,2023-06-29,5.77,5.89,5.3,5.42
JFIN,2023-06-30,5.5,5.6678,5.2518,5.28
JFIN,2023-07-03,5.26,5.41,5.11,5.18
JFIN,2023-07-05,5.14,5.2399,4.6501,4.91
JFIN,2023-07-06,4.7,4.885,4.6401,4.73
JFIN,2023-07-07,4.75,4.97,4.75,4.92
JFIN,2023-07-10,5.03,5.44,5.01,5.33
JFIN,2023-07-11,5.48,5.48,5.0794,5.19
JFIN,2023-07-12,5.17,5.49,5.17,5.33
JFIN,2023-07-13,5.74,6.75,5.56,6.64
JFIN,2023-07-14,6.94,6.94,6.0,6.37
JFIN,2023-07-17,6.18,7.35,5.94,7.35
JFIN,2023-07-18,7.35,7.3539,6.4,6.77
JFIN,2023-07-19,6.72,6.99,6.62,6.68
JFIN,2023-07-20,6.75,6.82,6.2701,6.43
JFIN,2023-07-21,6.55,6.86,6.3,6.48
JFIN,2023-07-24,6.59,6.9499,6.37,6.65
JFIN,2023-07-25,6.97,7.08,6.62,6.8
JFIN,2023-07-26,6.66,7.35,6.66,7.14
JFIN,2023-07-27,6.75,7.0,6.61,6.67
JFIN,2023-07-28,6.72,7.4,6.72,7.14
JFIN,2023-07-31,7.13,7.49,7.13,7.19
JFIN,2023-08-01,7.24,7.24,6.7272,7.02
JFIN,2023-08-02,6.75,6.867,6.29,6.43
JFIN,2023-08-03,6.4,6.76,6.32,6.76
JFIN,2023-08-04,6.63,6.8,6.5,6.61
JFIN,2023-08-07,6.61,6.61,5.85,6.17
JFIN,2023-08-08,6.06,6.3934,6.06,6.26
JFIN,2023-08-09,6.22,6.245,5.89,5.89
JFIN,2023-08-10,5.94,6.12,5.85,5.9
JFIN,2023-08-11,5.85,5.9621,5.7,5.72
JFIN,2023-08-14,5.7,5.785,5.35,5.76
JFIN,2023-08-15,5.57,5.71,5.456,5.46
JFIN,2023-08-16,5.51,5.62,5.36,5.51
JFIN,2023-08-17,5.8,6.34,5.53,5.92
JFIN,2023-08-18,5.75,6.12,5.51,5.7
JFIN,2023-08-21,6.39,6.44,5.3,5.4
JFIN,2023-08-22,5.4,5.67,5.32,5.39
JFIN,2023-08-23,5.6,5.98,5.41,5.85
JFIN,2023-08-24,5.85,5.9836,5.64,5.77
JFIN,2023-08-25,5.89,5.89,5.58,5.72
JFIN,2023-08-28,5.83,5.83,5.41,5.49
JFIN,2023-08-29,5.46,5.75,5.4003,5.66
JFIN,2023-08-30,5.56,5.86,5.55,5.66
JFIN,2023-08-31,5.55,5.71,5.46,5.52
JFIN,2023-09-01,5.67,5.67,5.35,5.36
JFIN,2023-09-05,5.3,5.3999,5.04,5.05
JFIN,2023-09-06,5.04,5.2,4.9,4.98
JFIN,2023-09-07,4.9,4.96,4.45,4.76
JFIN,2023-09-08,4.7,5.0,4.6373,4.8301
JFIN,2023-09-11,4.72,4.8844,4.5,4.5
JFIN,2023-09-12,4.62,4.87,4.5001,4.71
JFIN,2023-09-13,4.7,4.8069,4.6,4.65
JFIN,2023-09-14,4.68,4.91,4.68,4.76
JFIN,2023-09-15,4.72,4.9,4.72,4.76
JFIN,2023-09-18,4.71,4.9,4.56,4.72
JFIN,2023-09-19,4.79,4.88,4.72,4.84
JFIN,2023-09-20,4.88,4.978,4.7,4.78
JFIN,2023-09-21,4.66,4.75,4.601,4.66
JFIN,2023-09-22,4.77,4.95,4.61,4.9
JFIN,2023-09-25,4.97,5.0,4.82,4.97
JFIN,2023-09-26,5.05,5.3,5.0101,5.22
JFIN,2023-09-27,5.36,5.49,5.19,5.29
JFIN,2023-09-28,5.44,5.44,5.2201,5.37
JFIN,2023-09-29,5.44,5.44,5.2,5.38
JFIN,2023-10-02,5.43,5.43,5.01,5.22
JFIN,2023-10-03,5.09,5.135,4.915,5.02
JFIN,2023-10-04,5.1,5.12,4.87,4.97
JFIN,2023-10-05,4.87,4.99,4.8001,4.89
JFIN,2023-10-06,4.9,5.1124,4.9,5.05
JFIN,2023-10-09,5.15,5.1961,4.92,5.18
JFIN,2023-10-10,5.15,5.25,4.98,5.0
JFIN,2023-10-11,5.05,5.17,5.0201,5.12
JFIN,2023-10-12,5.14,5.1699,4.9,5.03
JFIN,2023-10-13,4.97,5.08,4.91,4.92
JFIN,2023-10-16,4.83,5.04,4.8,4.94
JFIN,2023-10-17,4.81,5.05,4.81,5.05
JFIN,2023-10-18,4.92,5.07,4.82,5.02
JFIN,2023-10-19,5.0438,5.09,4.97,4.98
JFIN,2023-10-20,4.79,5.0494,4.79,4.99
JFIN,2023-10-23,5.06,5.06,4.77,4.83
JFIN,2023-10-24,4.76,5.0209,4.76,4.9
JFIN,2023-10-25,4.97,5.0,4.83,5.0
JFIN,2023-10-26,4.95,5.0431,4.91,5.02
JFIN,2023-10-27,4.98,5.0,4.85,4.94
JFIN,2023-10-30,4.83,5.0,4.83,5.0
JFIN,2023-10-31,4.87,5.14,4.87,5.04
JFIN,2023-11-01,5.01,5.22,4.99,5.22
JFIN,2023-11-02,5.12,5.2,5.08,5.08
JFIN,2023-11-03,5.0,5.2,4.84,4.86
JFIN,2023-11-06,4.8,5.1,4.8,5.08
JFIN,2023-11-07,4.98,5.08,4.94,4.94
JFIN,2023-11-08,4.99,5.05,4.94,5.02
JFIN,2023-11-09,4.96,5.0,4.94,4.94
JFIN,2023-11-10,5.0,5.048,5.0,5.02
JFIN,2023-11-13,4.95,5.05,4.94,4.97
JFIN,2023-11-14,4.95,5.21,4.9101,5.08
JFIN,2023-11-15,5.0101,5.17,5.0101,5.14
JFIN,2023-11-16,5.13,5.13,4.98,5.04
JFIN,2023-11-17,4.97,5.45,4.97,5.4
JFIN,2023-11-20,5.45,5.84,5.425,5.61
JFIN,2023-11-21,5.79,5.85,5.58,5.77
JFIN,2023-11-22,5.94,6.096,5.8,5.95
JFIN,2023-11-24,6.05,6.05,5.51,5.52
JFIN,2023-11-27,5.46,5.85,5.17,5.17
JFIN,2023-11-28,5.15,5.4957,5.06,5.11
JFIN,2023-11-29,5.13,5.42,5.11,5.27
JFIN,2023-11-30,5.39,5.4,5.05,5.14
JFIN,2023-12-01,5.07,5.275,5.07,5.23
JFIN,2023-12-04,5.15,5.26,5.15,5.23
JFIN,2023-12-05,5.13,5.205,5.0,5.05
JFIN,2023-12-06,5.05,5.25,5.02,5.09
JFIN,2023-12-07,5.08,5.135,5.02,5.02
JFIN,2023-12-08,5.02,5.145,5.0,5.1
JFIN,2023-12-11,5.2,5.2,5.0192,5.03
JFIN,2023-12-12,5.01,5.0745,4.95,4.97
JFIN,2023-12-13,4.97,5.13,4.8814,4.95
JFIN,2023-12-14,4.95,5.2051,4.95,5.13
JFIN,2023-12-15,5.17,5.33,5.01,5.22
JFIN,2023-12-18,5.28,5.43,5.22,5.35
JFIN,2023-12-19,5.35,5.35,5.23,5.32
JFIN,2023-12-20,5.18,5.318,5.15,5.2
JFIN,2023-12-21,5.29,5.29,5.13,5.2
JFIN,2023-12-22,5.16,5.24,5.15,5.1791
JFIN,2023-12-26,5.23,5.23,5.05,5.12
JFIN,2023-12-27,5.26,5.26,5.09,5.19
JFIN,2023-12-28,5.09,5.2,5.09,5.09
JFIN,2023-12-29,5.18,5.2898,5.14,5.18
JFIN,2024-01-02,5.14,5.18,5.03,5.06
JFIN,2024-01-03,5.16,5.18,5.06,5.16
JFIN,2024-01-04,5.17,5.205,5.11,5.2
JFIN,2024-01-05,5.2,5.48,5.12,5.48
JFIN,2024-01-08,5.51,5.92,5.51,5.83
JFIN,2024-01-09,5.72,5.824,5.6,5.69
JFIN,2024-01-10,5.69,6.19,5.69,5.71
JFIN,2024-01-11,5.83,6.18,5.62,6.18
JFIN,2024-01-12,6.3,6.78,6.1,6.61
JFIN,2024-01-16,6.5,7.14,6.44,6.96
JFIN,2024-01-17,6.91,6.9199,6.5,6.6
JFIN,2024-01-18,6.39,6.4354,5.55,5.73
JFIN,2024-01-19,6.01,6.01,5.35,5.81
JFIN,2024-01-22,5.81,5.81,5.31,5.62
JFIN,2024-01-23,5.68,5.7999,5.5509,5.73
JFIN,2024-01-24,5.64,5.85,5.2,5.49
JFIN,2024-01-25,5.59,5.74,5.42,5.68
JFIN,2024-01-26,5.69,5.7,5.37,5.58
JFIN,2024-01-29,5.72,5.73,5.24,5.68
JFIN,2024-01-30,5.58,5.69,5.45,5.45
JFIN,2024-01-31,5.45,5.5381,5.32,5.47
JFIN,2024-02-01,5.43,5.7,5.39,5.61
JFIN,2024-02-02,5.52,5.6899,5.22,5.28
JFIN,2024-02-05,5.31,5.48,5.1,5.13
JFIN,2024-02-06,5.1,5.2928,5.1,5.17
JFIN,2024-02-07,5.11,5.26,5.05,5.05
JFIN,2024-02-08,5.05,5.25,5.05,5.12
JFIN,2024-02-09,5.12,5.2194,5.05,5.17
JFIN,2024-02-12,5.27,5.61,5.2101,5.51
JFIN,2024-02-13,5.59,5.59,5.192,5.33
JFIN,2024-02-14,5.4,5.4973,5.1001,5.26
JFIN,2024-02-15,5.44,5.6499,5.3,5.59
JFIN,2024-02-16,5.69,5.69,5.34,5.53
JFIN,2024-02-20,5.54,5.5723,5.34,5.435
JFIN,2024-02-21,5.57,5.5999,5.41,5.55
JFIN,2024-02-22,5.46,5.5348,5.25,5.44
JFIN,2024-02-23,5.55,5.55,5.4301,5.52
JFIN,2024-02-26,5.43,5.73,5.43,5.61
JFIN,2024-02-27,5.62,5.76,5.4901,5.53
JFIN,2024-02-28,5.47,5.6,5.45,5.47
JFIN,2024-02-29,5.59,5.7499,5.5,5.705
JFIN,2024-03-01,5.71,6.02,5.65,5.98
JFIN,2024-03-04,5.93,5.9757,5.6,5.61
JFIN,2024-03-05,5.65,5.89,5.6252,5.7
JFIN,2024-03-06,5.9,6.2,5.71,6.17
JFIN,2024-03-07,6.24,6.5794,6.19,6.2
JFIN,2024-03-08,6.28,6.55,6.255,6.41
JFIN,2024-03-11,6.49,6.5,6.03,6.2
JFIN,2024-03-12,6.3,6.5697,6.17,6.38
JFIN,2024-03-13,6.5,7.035,6.475,6.92
JFIN,2024-03-14,7.0,7.0,6.65,6.87
JFIN,2024-03-15,6.9,6.959,6.5,6.73
JFIN,2024-03-18,6.8,7.212,6.65,7.08
JFIN,2024-03-19,7.1,7.19,7.0,7.17
JFIN,2024-03-20,7.2,7.3,7.04,7.13
JFIN,2024-03-21,7.13,7.57,7.12,7.48
JFIN,2024-03-22,7.4,7.5,7.29,7.4
JFIN,2024-03-25,7.5,7.5,7.25,7.37
JFIN,2024-03-26,7.32,7.5,7.29,7.4
JFIN,2024-03-27,7.5,7.5,6.8401,6.9
JFIN,2024-03-28,6.92,6.99,6.0,6.52
JFIN,2024-04-01,6.66,7.0197,6.6,6.76
JFIN,2024-04-02,7.0,7.0,6.33,6.76
JFIN,2024-04-03,6.72,6.88,6.42,6.78
JFIN,2024-04-04,6.68,6.7792,6.11,6.39
JFIN,2024-04-05,6.35,6.58,6.32,6.55
JFIN,2024-04-08,6.71,6.71,6.5,6.63
JFIN,2024-04-09,6.61,6.74,6.6,6.74
JFIN,2024-04-10,6.78,6.79,6.53,6.7
JFIN,2024-04-11,6.74,6.74,6.5601,6.68
JFIN,2024-04-12,6.55,6.61,6.35,6.46
JFIN,2024-04-15,6.47,6.49,6.32,6.44
JFIN,2024-04-16,6.42,6.42,6.11,6.36
JFIN,2024-04-17,6.4,6.49,6.27,6.37
JFIN,2024-04-18,6.48,6.48,6.345,6.45
JFIN,2024-04-19,6.41,6.49,6.34,6.36
JFIN,2024-04-22,6.49,6.49,6.27,6.39
JFIN,2024-04-23,6.34,6.44,6.28,6.32
JFIN,2024-04-24,6.38,6.59,6.32,6.46
JFIN,2024-04-25,6.4,6.52,6.3467,6.36
JFIN,2024-04-26,6.49,6.68,6.47,6.65
JFIN,2024-04-29,6.65,6.65,6.43,6.45
JFIN,2024-04-30,6.53,6.53,6.22,6.28
JFIN,2024-05-01,6.28,6.37,6.26,6.26
JFIN,2024-05-02,6.35,6.46,6.31,6.45
JFIN,2024-05-03,6.43,6.51,6.33,6.33
JFIN,2024-05-06,6.45,6.79,6.35,6.78
JFIN,2024-05-07,6.81,7.16,6.79,6.89
JFIN,2024-05-08,6.82,6.87,6.6,6.81
JFIN,2024-05-09,6.78,6.81,6.5401,6.67
JFIN,2024-05-10,6.6,6.87,6.6,6.8
JFIN,2024-05-13,6.76,6.96,6.76,6.91
JFIN,2024-05-14,6.98,7.1,6.8213,7.1
JFIN,2024-05-15,7.1,7.1,6.94,6.96
JFIN,2024-05-16,6.95,6.9552,6.69,6.7
JFIN,2024-05-17,6.77,6.9752,6.7061,6.84
JFIN,2024-05-20,6.94,6.99,6.76,6.76
JFIN,2024-05-21,6.76,6.895,6.5741,6.67
JFIN,2024-05-22,6.66,6.7798,6.56,6.65
JFIN,2024-05-23,6.72,6.72,6.4214,6.53
JFIN,2024-05-24,6.57,6.65,6.45,6.5
JFIN,2024-05-28,6.59,6.74,6.51,6.69
JFIN,2024-05-29,6.62,6.62,6.42,6.43
JFIN,2024-05-30,6.52,6.5699,6.5,6.5087
JFIN,2024-05-31,6.53,6.58,6.49,6.52
JFIN,2024-06-03,6.46,6.7,6.46,6.6
JFIN,2024-06-04,6.69,6.88,6.5701,6.85
JFIN,2024-06-05,6.85,6.9,6.716,6.79
JFIN,2024-06-06,6.67,6.9,6.67,6.9
JFIN,2024-06-07,6.79,6.9,6.66,6.73
JFIN,2024-06-10,6.67,7.2,6.54,6.97
JFIN,2024-06-11,6.9,7.25,6.9,6.98
JFIN,2024-06-12,7.045,7.045,6.67,6.74
JFIN,2024-06-13,6.8001,6.84,6.39,6.39
JFIN,2024-06-14,6.31,6.4868,6.01,6.15
JFIN,2024-06-17,6.32,6.32,6.03,6.1
JFIN,2024-06-18,6.15,6.29,6.1,6.1
JFIN,2024-06-20,6.14,6.24,6.057,6.24
JFIN,2024-06-21,6.31,6.31,6.16,6.176
JFIN,2024-06-24,6.14,6.17,6.11,6.16
JFIN,2024-06-25,6.2,6.2799,6.16,6.2
JFIN,2024-06-26,6.27,6.4699,6.16,6.235
JFIN,2024-06-27,6.23,6.335,6.2,6.23
JFIN,2024-06-28,6.31,6.35,6.1716,6.18
JFIN,2024-07-01,6.12,6.2899,6.12,6.19
JFIN,2024-07-02,6.27,6.48,6.16,6.3
JFIN,2024-07-03,6.37,6.38,6.19,6.23
JFIN,2024-07-05,6.34,6.34,6.13,6.21
JFIN,2024-07-08,6.29,6.29,6.15,6.25
JFIN,2024-07-09,6.24,6.24,6.16,6.16
JFIN,2024-07-10,6.22,6.3,6.16,6.3
JFIN,2024-07-11,6.12,6.32,6.12,6.18
JFIN,2024-07-12,6.24,6.355,6.17,6.28
JFIN,2024-07-15,6.25,6.3,6.2,6.28
JFIN,2024-07-16,6.36,6.36,6.21,6.23
JFIN,2024-07-17,6.2,6.27,6.2,6.21
JFIN,2024-07-18,6.18,6.27,5.85,5.85
JFIN,2024-07-19,5.9,6.0,5.9,5.95
JFIN,2024-07-22,6.06,6.06,5.6162,5.94
JFIN,2024-07-23,5.86,5.86,5.65,5.71
JFIN,2024-07-24,5.73,5.73,5.5,5.52
JFIN,2024-07-25,5.52,5.75,5.24,5.38
JFIN,2024-07-26,5.42,5.55,5.33,5.38
JFIN,2024-07-29,5.4,5.64,5.4,5.48
JFIN,2024-07-30,5.35,5.61,5.34,5.51
JFIN,2024-07-31,5.5,5.65,5.4471,5.59
JFIN,2024-08-01,5.63,5.68,5.42,5.42
JFIN,2024-08-02,5.42,5.42,4.99,5.17
JFIN,2024-08-05,4.72,4.72,4.72,4.72
JFIN,2024-08-06,4.74,5.31,4.74,5.02
JFIN,2024-08-07,4.98,5.2767,4.93,5.06
JFIN,2024-08-08,5.06,5.2997,5.06,5.15
JFIN,2024-08-09,5.11,5.19,5.06,5.1
JFIN,2024-08-12,5.07,5.1669,5.03,5.07
JFIN,2024-08-13,5.1,5.25,5.1,5.25
JFIN,2024-08-14,5.25,5.27,5.1501,5.24
JFIN,2024-08-15,5.25,5.25,5.09,5.25
JFIN,2024-08-16,5.34,6.3,5.34,6.11
JFIN,2024-08-19,6.07,6.07,5.75,6.07
JFIN,2024-08-20,6.0,6.3,5.925,6.07
JFIN,2024-08-21,6.08,6.14,5.96,6.08
JFIN,2024-08-22,6.14,6.23,5.9601,6.13
JFIN,2024-08-23,6.18,6.3,6.08,6.25
JFIN,2024-08-26,6.34,6.78,6.32,6.75
JFIN,2024-08-27,6.01,6.02,5.32,5.45
JFIN,2024-08-28,5.5,5.69,5.26,5.35
JFIN,2024-08-29,5.43,5.43,5.0004,5.33
JFIN,2024-08-30,5.33,5.47,5.27,5.32
JFIN,2024-09-03,5.23,5.4,5.0701,5.09
JFIN,2024-09-04,5.09,5.34,5.09,5.21
JFIN,2024-09-05,5.2101,5.3146,5.14,5.28
JFIN,2024-09-06,5.23,5.3,5.05,5.3
JFIN,2024-09-09,5.25,5.48,5.11,5.32
JFIN,2024-09-10,5.31,5.53,5.27,5.53
JFIN,2024-09-11,5.5,5.62,5.45,5.57
JFIN,2024-09-12,5.52,5.52,5.36,5.52
JFIN,2024-09-13,5.55,5.58,5.411,5.51
JFIN,2024-09-16,5.5,5.64,5.39,5.49
JFIN,2024-09-17,5.4501,5.55,5.36,5.55
JFIN,2024-09-18,5.55,5.76,5.55,5.76
JFIN,2024-09-19,5.82,5.84,5.52,5.59
JFIN,2024-09-20,5.61,5.685,5.57,5.65
JFIN,2024-09-23,5.64,5.77,5.59,5.62
JFIN,2024-09-24,5.71,6.17,5.66,6.14
JFIN,2024-09-25,6.1,6.44,5.965,6.26
JFIN,2024-09-26,6.42,6.66,6.27,6.34
JFIN,2024-09-27,6.4,6.73,6.31,6.535
JFIN,2024-09-30,6.95,7.45,6.702,6.87
JFIN,2024-10-01,7.15,7.7,6.75,7.36
JFIN,2024-10-02,7.9999,8.5799,7.19,7.72
JFIN,2024-10-03,7.5,8.12,7.14,8.12
JFIN,2024-10-04,8.5,8.5,7.47,7.66
JFIN,2024-10-07,8.0,8.1,7.78,7.98
JFIN,2024-10-08,7.35,7.64,7.16,7.44
JFIN,2024-10-09,7.29,7.614,7.0,7.39
JFIN,2024-10-10,7.39,7.49,7.04,7.32
JFIN,2024-10-11,7.25,7.4656,7.19,7.29
JFIN,2024-10-14,7.24,7.6,7.02,7.56
JFIN,2024-10-15,7.25,7.3659,6.77,6.85
JFIN,2024-10-16,6.95,7.17,6.87,6.91
JFIN,2024-10-17,6.72,6.9,6.56,6.73
JFIN,2024-10-18,6.98,7.3992,6.88,7.17
JFIN,2024-10-21,7.16,7.16,6.7848,6.83
JFIN,2024-10-22,6.88,7.2799,6.86,6.86
JFIN,2024-10-23,6.88,6.92,6.77,6.85
JFIN,2024-10-24,6.85,6.8665,6.73,6.84
JFIN,2024-10-25,6.86,7.055,6.75,6.905
JFIN,2024-10-28,6.91,7.07,6.66,6.66
JFIN,2024-10-29,6.805,6.805,6.54,6.59
JFIN,2024-10-30,6.6004,6.6099,6.3,6.37
JFIN,2024-10-31,6.29,6.59,6.28,6.38
JFIN,2024-11-01,6.52,6.55,6.33,6.34
JFIN,2024-11-04,6.598,6.598,6.33,6.43
JFIN,2024-11-05,6.49,6.65,6.4,6.4
JFIN,2024-11-06,6.26,6.515,6.26,6.4846
JFIN,2024-11-07,6.665,6.74,6.405,6.73
JFIN,2024-11-08,6.6,6.67,6.4,6.56
JFIN,2024-11-11,6.41,6.68,6.41,6.63
JFIN,2024-11-12,6.42,6.6576,6.42,6.63
JFIN,2024-11-13,6.53,6.65,6.53,6.61
JFIN,2024-11-14,6.6,6.8,6.4101,6.65
JFIN,2024-11-15,6.56,6.77,6.56,6.7
JFIN,2024-11-18,6.74,6.85,6.55,6.75
JFIN,2024-11-19,6.81,6.81,6.6,6.8
JFIN,2024-11-20,6.5,6.5,5.18,5.84
JFIN,2024-11-21,5.62,6.01,5.57,5.78
JFIN,2024-11-22,5.7,5.9699,5.7,5.87
JFIN,2024-11-25,5.96,6.38,5.9566,6.17
JFIN,2024-11-26,6.23,6.305,6.1,6.205
JFIN,2024-11-27,6.16,6.65,6.16,6.6
JFIN,2024-11-29,6.59,6.69,6.3737,6.47
JFIN,2024-12-02,6.5,6.59,6.22,6.32
JFIN,2024-12-03,6.4,6.56,6.3,6.56
JFIN,2024-12-04,6.46,6.5333,6.35,6.44
JFIN,2024-12-05,6.35,6.4128,6.27,6.27
JFIN,2024-12-06,6.19,6.55,6.19,6.35
JFIN,2024-12-09,6.47,6.91,6.4,6.54
JFIN,2025-01-27,8.27,8.39,7.76,7.85
JFIN,2025-01-28,7.85,8.02,7.59,7.8
JFIN,2025-01-29,7.62,7.9483,7.62,7.94
JFIN,2025-01-30,8.02,8.14,7.91,8.13
JFIN,2025-01-31,8.14,8.17,7.67,7.7
JFIN,2025-02-03,7.7,8.13,7.67,8.08
JFIN,2025-02-04,8.16,8.26,7.98,8.15
JFIN,2025-02-05,8.15,8.25,7.8799,8.24
JFIN,2025-02-06,8.29,10.19,8.1,9.9
JFIN,2025-02-07,9.67,9.8,8.27,8.52
JFIN,2025-02-10,8.98,9.35,8.85,9.03
JFIN,2025-02-11,9.2,9.57,8.715,9.28
JFIN,2025-02-12,9.5,10.15,9.48,9.93
JFIN,2025-02-13,9.92,10.0,9.5301,9.95
JFIN,2025-02-14,9.96,10.5,9.7715,10.12
JFIN,2025-02-18,10.08,10.22,9.55,10.12
JFIN,2025-02-19,10.15,10.5099,10.0,10.47
JFIN,2025-02-20,10.5,10.52,10.02,10.37
JFIN,2025-02-21,10.5,10.56,9.82,9.94
JFIN,2025-02-24,9.82,9.87,9.03,9.345
JFIN,2025-02-25,8.96,8.96,8.62,8.96
JFIN,2025-02-26,9.08,9.8892,9.08,9.72
JFIN,2025-02-27,9.72,9.94,9.36,9.705
JFIN,2025-02-28,9.51,9.7914,9.33,9.68
JFIN,2025-03-03,9.61,10.2,7.0,7.07
JFIN,2025-03-04,8.88,9.79,8.5,9.11
JFIN,2025-03-05,9.71,10.19,9.58,9.77
JFIN,2025-03-06,10.15,10.76,9.4,9.62
JFIN,2025-03-07,9.46,10.1499,9.46,9.86
JFIN,2025-03-10,9.8,9.9,9.13,9.17
JFIN,2025-03-11,9.43,10.1,9.43,10.04
JFIN,2025-03-12,10.1,10.55,9.9748,10.25
JFIN,2025-03-13,10.26,10.6754,9.81,9.83
JFIN,2025-03-14,10.04,12.0,9.955,11.9
JFIN,2025-03-17,12.39,13.16,11.86,12.65
JFIN,2025-03-18,12.94,13.28,12.13,12.9
JFIN,2025-03-19,12.72,13.98,12.28,13.72
JFIN,2025-03-20,13.88,13.88,11.412,12.02
JFIN,2025-03-21,11.76,12.14,11.01,11.55
JFIN,2025-03-24,11.88,11.925,11.88,11.91
JFIN,2025-03-25,11.88,12.18,11.6,11.74
JFIN,2025-03-26,11.9,12.59,11.7218,12.1
JFIN,2025-03-27,13.13,16.22,13.0,14.84
JFIN,2025-03-28,14.5,15.0,13.655,13.95
JFIN,2025-03-31,13.95,14.07,12.5201,13.74
JFIN,2025-04-01,14.0,14.4,13.46,13.55
JFIN,2025-04-02,13.37,14.7052,12.96,14.3
JFIN,2025-04-03,13.595,14.37,13.0049,14.27
JFIN,2025-04-04,12.235,12.8,11.225,11.66
JFIN,2025-04-07,10.37,12.3,10.06,11.2
JFIN,2025-04-08,11.86,11.96,10.5,10.6901
JFIN,2025-04-09,10.26,10.73,9.39,10.5
JFIN,2025-04-10,10.3,10.7,10.1,10.38
JFIN,2025-04-11,10.09,10.09,9.7,10.09
JFIN,2025-04-14,10.21,11.65,10.21,11.4
JFIN,2025-04-15,11.39,11.45,10.8,10.94
JFIN,2025-04-16,10.825,10.825,10.01,10.27
JFIN,2025-04-17,10.46,10.88,10.42,10.42
JFIN,2025-04-21,10.41,10.68,10.01,10.03
JFIN,2025-04-22,10.595,10.85,10.595,10.67
JFIN,2025-04-23,11.22,11.22,11.2,11.22
JFIN,2025-04-24,11.19,11.96,11.08,11.59
JFIN,2025-04-25,11.21,11.82,11.14,11.36
JFIN,2025-04-28,11.39,11.39,10.57,11.17
JFIN,2025-04-29,11.195,11.59,11.03,11.46
JFIN,2025-04-30,11.22,11.29,11.065,11.15
JFIN,2025-05-01,11.18,11.362,10.79,10.79
JFIN,2025-05-02,11.25,11.56,11.15,11.25
JFIN,2025-05-05,11.09,12.688,10.93,12.43
JFIN,2025-05-06,12.28,13.065,12.05,12.63
JFIN,2025-05-07,12.38,12.885,11.8,12.54
JFIN,2025-05-08,12.81,12.81,12.1,12.54
JFIN,2025-05-09,12.7,12.95,12.57,12.77
JFIN,2025-05-12,13.2039,13.8,12.77,13.1
JFIN,2025-05-13,13.1,13.4,12.86,13.35
JFIN,2025-05-14,13.3,13.4,12.945,13.09
JFIN,2025-05-15,12.19,12.19,12.19,12.19
JFIN,2025-05-16,12.36,12.57,12.0734,12.18
JFIN,2025-05-19,12.17,12.54,11.82,12.25
JFIN,2025-05-20,12.74,13.19,12.3005,12.35
JFIN,2025-05-21,12.49,13.34,12.45,12.6
JFIN,2025-05-22,12.6,13.63,12.4059,13.5
JFIN,2025-05-23,13.22,13.44,12.6,12.82
JFIN,2025-05-27,12.98,13.53,12.17,12.76
JFIN,2025-05-28,12.81,13.2753,12.55,13.1
JFIN,2025-05-29,13.44,14.5,13.12,14.35
JFIN,2025-05-30,14.13,15.33,13.7,15.09
JFIN,2025-06-02,15.3,15.5584,14.35,14.78
JFIN,2025-06-03,14.5,15.42,14.0,15.2
JFIN,2025-06-04,16.8,17.68,15.6,16.46
JFIN,2025-06-05,16.54,16.54,15.6166,16.21
JFIN,2025-06-06,16.08,18.27,15.8503,18.19
JFIN,2025-06-09,18.05,18.4511,17.31,17.69
JFIN,2025-06-10,18.11,18.25,17.325,17.52
JFIN,2025-06-11,17.52,18.7,17.25,18.06
JFIN,2025-06-12,17.84,19.23,17.7,18.91
JFIN,2025-06-13,18.68,19.0,17.63,18.17
JFIN,2025-06-16,18.35,18.55,17.6,17.735
JFIN,2025-06-17,17.73,17.96,16.83,17.13
JFIN,2025-06-18,17.11,17.39,16.56,16.56
JFIN,2025-06-20,16.56,16.56,15.82,15.85
JFIN,2025-06-23,15.89,16.35,15.77,16.26
JFIN,2025-06-24,16.5,17.32,16.41,16.65
JFIN,2025-06-25,16.8,16.8,16.42,16.57
JFIN,2025-06-26,16.54,16.635,16.2,16.32
JFIN,2025-06-27,16.25,16.49,15.21,15.41
JFIN,2025-06-30,15.68,16.12,15.36,16.01
JFIN,2025-07-01,15.93,16.38,15.8,16.24
JFIN,2025-07-02,16.35,17.42,16.35,17.42
JFIN,2025-07-03,17.5,18.34,17.03,18.32
JFIN,2025-07-07,17.93,18.6,17.87,18.19
JFIN,2025-07-08,18.15,18.53,17.86,18.53
JFIN,2025-07-09,18.66,18.6999,18.22,18.33
JFIN,2025-07-10,18.3,18.66,18.0521,18.39
JFIN,2025-07-11,17.82,17.82,17.82,17.82
JFIN,2025-07-14,16.14,17.39,16.14,17.2
JFIN,2025-07-15,17.29,17.87,17.0301,17.74
JFIN,2025-07-16,17.57,17.72,16.9,17.0
JFIN,2025-07-17,17.08,17.3049,16.6219,16.94
JFIN,2025-07-18,16.94,17.165,16.8,16.8
JFIN,2025-07-21,16.66,16.735,16.09,16.46
JFIN,2025-07-22,16.39,16.41,15.725,16.14
JFIN,2025-07-23,16.3,16.68,16.2,16.39
JFIN,2025-07-24,16.49,16.85,15.65,15.84
JFIN,2025-07-25,15.9,15.9,13.0601,14.86
JFIN,2025-07-28,14.59,15.2,14.195,14.3
JFIN,2025-07-29,14.3,14.655,13.91,14.12
JFIN,2025-07-30,13.98,14.6402,13.51,13.51
JFIN,2025-07-31,13.69,13.815,13.3,13.46
JFIN,2025-08-01,13.14,13.18,12.65,13.05
JFIN,2025-08-04,13.1,13.3,12.62,12.78
JFIN,2025-08-05,12.95,13.21,12.7301,13.02
JFIN,2025-08-06,13.05,13.05,12.72,12.72
JFIN,2025-08-07,12.95,13.12,12.68,12.7824
JFIN,2025-08-08,12.79,12.9453,12.38,12.38
JFIN,2025-08-11,12.31,12.865,12.0,12.4
JFIN,2025-08-12,12.5,13.62,12.4,13.56
JFIN,2025-08-13,13.56,13.65,13.14,13.31
JFIN,2025-08-14,12.99,13.31,12.94,13.26
JFIN,2025-08-15,13.36,13.75,13.09,13.53
JFIN,2025-08-18,13.55,13.6351,12.9295,13.02
JFIN,2025-08-19,13.11,13.22,12.51,12.84
JFIN,2025-08-20,12.84,12.84,11.6,12.25
JFIN,2025-08-21,12.01,13.41,12.01,13.28
JFIN,2025-08-22,13.3,14.28,13.3,14.09
JFIN,2025-08-25,14.25,14.7,14.18,14.24
JFIN,2025-08-26,14.31,14.31,13.55,13.75
JFIN,2025-08-27,13.67,14.01,12.93,13.49
JFIN,2025-08-28,13.65,13.65,12.6,13.18
JFIN,2025-08-29,13.19,13.19,12.5,12.58
JFIN,2025-09-02,12.52,12.73,11.9,12.345
JFIN,2025-09-03,12.4,12.63,12.2,12.35
JFIN,2025-09-04,12.19,12.5151,12.05,12.23
JFIN,2025-09-05,12.0,12.0,11.21,11.6
JFIN,2025-09-08,11.66,11.765,10.94,11.02
JFIN,2025-09-09,11.09,11.3267,10.602,10.86
JFIN,2025-09-10,10.99,11.25,10.61,10.75
JFIN,2025-09-11,10.78,11.16,10.5501,10.83
JFIN,2025-09-12,10.85,11.264,10.85,11.01
JFIN,2025-09-15,11.11,11.42,10.9,10.94
JFIN,2025-09-16,11.15,11.29,10.85,10.91
JFIN,2025-09-17,10.93,11.7706,10.86,11.3
JFIN,2025-09-18,11.5,11.58,11.06,11.13
JFIN,2025-09-19,11.1,11.536,10.85,11.0
JFIN,2025-09-22,11.01,11.26,10.88,10.96
JFIN,2025-09-23,11.0,11.3633,11.0,11.21
JFIN,2025-09-24,11.16,11.42,10.92,11.12
JFIN,2025-09-25,11.0,11.06,10.6872,10.72
JFIN,2025-09-26,10.74,10.98,10.42,10.48
JFIN,2025-09-29,10.49,10.61,10.18,10.255
JFIN,2025-09-30,10.4,10.465,10.2,10.32
JFIN,2025-10-01,10.5,10.93,10.48,10.86
JFIN,2025-10-02,11.02,11.56,10.9,11.39
JFIN,2025-10-03,11.41,11.5474,11.14,11.38
JFIN,2025-10-06,11.3,11.64,11.3,11.31
JFIN,2025-10-07,11.31,11.6,11.06,11.06
JFIN,2025-10-08,11.21,11.405,11.1301,11.33
JFIN,2025-10-09,11.32,11.32,10.86,10.88
JFIN,2025-10-10,10.95,11.03,10.2,10.25
JFIN,2025-10-13,10.5,10.69,10.12,10.27
JFIN,2025-10-14,10.23,10.4476,10.0,10.31
JFIN,2025-10-15,10.25,10.65,10.035,10.058
JFIN,2025-10-16,10.2,10.2999,9.57,9.71
JFIN,2025-10-17,9.81,9.81,9.4669,9.65
JFIN,2025-10-20,9.47,9.94,9.42,9.78
JFIN,2025-10-21,9.71,10.23,9.64,9.97
JFIN,2025-10-22,10.0,10.09,9.615,9.89
JFIN,2025-10-23,9.89,10.07,9.84,9.9
JFIN,2025-10-24,10.0,10.27,10.0,10.07
JFIN,2025-10-27,10.21,10.39,10.0,10.0
JFIN,2025-10-28,10.03,10.062,8.82,8.96
JFIN,2025-10-29,9.1,9.3772,8.51,8.61
JFIN,2025-10-30,8.7,8.8,8.3601,8.62
JFIN,2025-10-31,8.9,9.56,8.9,9.39
JFIN,2025-11-03,9.54,9.65,9.0812,9.38
JFIN,2025-11-04,9.16,9.26,8.81,8.85
JFIN,2025-11-05,8.98,9.085,8.825,8.96
JFIN,2025-11-06,8.85,9.0,8.74,8.82
JFIN,2025-11-07,8.8,9.033,8.65,9.02
JFIN,2025-11-10,9.2,9.76,9.2,9.34
JFIN,2025-11-11,9.23,9.515,9.177,9.34
JFIN,2025-11-12,9.26,9.3969,9.02,9.11
JFIN,2025-11-13,9.18,9.37,8.84,8.88
JFIN,2025-11-14,8.91,9.0098,8.6401,8.73
JFIN,2025-11-17,8.98,9.0099,8.66,8.67
JFIN,2025-11-18,8.83,8.83,8.6,8.67
JFIN,2025-11-19,8.51,8.562,7.84,8.11
JFIN,2025-11-20,8.22,8.58,7.35,7.67
JFIN,2025-11-21,7.51,7.7399,6.88,7.29
JFIN,2025-11-24,7.5,8.01,7.21,7.22
JFIN,2025-11-25,7.24,7.54,6.96,7.41
JFIN,2025-11-26,7.26,7.46,7.11,7.16
JFIN,2025-11-28,7.12,7.39,6.89,7.13
