ticker,date,open,high,low,close
VTRS,1980-03-17,0.0,1.56,1.44,1.44
VTRS,1980-03-18,0.0,1.48,1.37,1.37
VTRS,1980-03-19,0.0,1.44,1.33,1.33
VTRS,1980-03-20,0.0,1.44,1.33,1.33
VTRS,1980-03-21,0.0,1.44,1.33,1.33
VTRS,1980-03-24,0.0,1.41,1.3,1.3
VTRS,1980-03-25,0.0,1.3,1.19,1.19
VTRS,1980-03-26,0.0,1.3,1.19,1.19
VTRS,1980-03-27,0.0,1.22,1.11,1.11
VTRS,1980-03-28,0.0,1.22,1.11,1.11
VTRS,1980-03-31,0.0,1.26,1.15,1.15
VTRS,1980-04-01,0.0,1.3,1.19,1.19
VTRS,1980-04-02,1.19,1.19,1.19,1.19
VTRS,1980-04-03,1.19,1.19,1.19,1.19
VTRS,1980-04-07,0.0,1.33,1.22,1.22
VTRS,1980-04-08,0.0,1.26,1.15,1.15
VTRS,1980-04-09,0.0,1.26,1.15,1.15
VTRS,1980-04-10,1.15,1.15,1.15,1.15
VTRS,1980-04-11,0.0,1.26,1.15,1.15
VTRS,1980-04-14,0.0,1.26,1.15,1.15
VTRS,1980-04-15,0.0,1.22,1.11,1.11
VTRS,1980-04-16,0.0,1.22,1.11,1.11
VTRS,1980-04-17,0.0,1.19,1.07,1.07
VTRS,1980-04-18,0.0,1.19,1.07,1.07
VTRS,1980-04-21,0.0,1.19,1.07,1.07
VTRS,1980-04-22,0.0,1.19,1.07,1.07
VTRS,1980-04-23,0.0,1.26,1.15,1.15
VTRS,1980-04-24,0.0,1.22,1.11,1.11
VTRS,1980-04-25,0.0,1.26,1.15,1.15
VTRS,1980-04-28,0.0,1.22,1.11,1.11
VTRS,1980-04-29,0.0,1.26,1.15,1.15
VTRS,1980-04-30,0.0,1.26,1.15,1.15
VTRS,1980-05-01,0.0,1.26,1.15,1.15
VTRS,1980-05-02,0.0,1.26,1.15,1.15
VTRS,1980-05-05,1.15,1.15,1.15,1.15
VTRS,1980-05-06,0.0,1.3,1.19,1.19
VTRS,1980-05-07,0.0,1.44,1.33,1.33
VTRS,1980-05-08,0.0,1.37,1.26,1.26
VTRS,1980-05-09,1.26,1.26,1.26,1.26
VTRS,1980-05-12,1.26,1.26,1.26,1.26
VTRS,1980-05-13,0.0,1.41,1.3,1.3
VTRS,1980-05-14,0.0,1.37,1.26,1.26
VTRS,1980-05-15,1.26,1.26,1.26,1.26
VTRS,1980-05-16,0.0,1.37,1.26,1.26
VTRS,1980-05-19,1.26,1.26,1.26,1.26
VTRS,1980-05-20,0.0,1.37,1.26,1.26
VTRS,1980-05-21,0.0,1.33,1.22,1.22
VTRS,1980-05-22,0.0,1.33,1.22,1.22
VTRS,1980-05-23,0.0,1.37,1.26,1.26
VTRS,1980-05-27,0.0,1.44,1.33,1.33
VTRS,1980-05-28,0.0,1.44,1.33,1.33
VTRS,1980-05-29,0.0,1.44,1.33,1.33
VTRS,1980-05-30,0.0,1.48,1.37,1.37
VTRS,1980-06-02,0.0,1.52,1.41,1.41
VTRS,1980-06-03,0.0,1.56,1.44,1.44
VTRS,1980-06-04,0.0,1.67,1.56,1.56
VTRS,1980-06-05,0.0,1.67,1.56,1.56
VTRS,1980-06-06,0.0,1.67,1.56,1.56
VTRS,1980-06-09,0.0,1.67,1.56,1.56
VTRS,1980-06-10,0.0,1.67,1.56,1.56
VTRS,1980-06-11,0.0,1.63,1.52,1.52
VTRS,1980-06-12,0.0,1.63,1.52,1.52
VTRS,1980-06-13,0.0,1.63,1.52,1.52
VTRS,1980-06-16,0.0,1.63,1.52,1.52
VTRS,1980-06-17,0.0,1.63,1.52,1.52
VTRS,1980-06-18,0.0,1.59,1.48,1.48
VTRS,1980-06-19,0.0,1.52,1.41,1.41
VTRS,1980-06-20,0.0,1.52,1.41,1.41
VTRS,1980-06-23,1.41,1.41,1.41,1.41
VTRS,1980-06-24,0.0,1.44,1.33,1.33
VTRS,1980-06-25,1.33,1.33,1.33,1.33
VTRS,1980-06-26,0.0,1.52,1.41,1.41
VTRS,1980-06-27,0.0,1.52,1.41,1.41
VTRS,1980-06-30,0.0,1.52,1.41,1.41
VTRS,1980-07-01,0.0,1.56,1.44,1.44
VTRS,1980-07-02,0.0,1.56,1.44,1.44
VTRS,1980-07-03,0.0,1.59,1.48,1.48
VTRS,1980-07-07,0.0,1.59,1.52,1.52
VTRS,1980-07-08,0.0,1.59,1.52,1.52
VTRS,1980-07-09,0.0,1.59,1.52,1.52
VTRS,1980-07-10,0.0,1.56,1.52,1.52
VTRS,1980-07-11,0.0,1.59,1.52,1.52
VTRS,1980-07-14,0.0,1.59,1.52,1.52
VTRS,1980-07-15,0.0,1.56,1.48,1.48
VTRS,1980-07-16,0.0,1.52,1.44,1.44
VTRS,1980-07-17,0.0,1.52,1.44,1.44
VTRS,1980-07-18,1.44,1.44,1.44,1.44
VTRS,1980-07-21,0.0,1.52,1.44,1.44
VTRS,1980-07-22,0.0,1.48,1.44,1.44
VTRS,1980-07-23,1.44,1.44,1.44,1.44
VTRS,1980-07-24,0.0,1.52,1.44,1.44
VTRS,1980-07-25,0.0,1.52,1.44,1.44
VTRS,1980-07-28,0.0,1.52,1.44,1.44
VTRS,1980-07-29,0.0,1.52,1.44,1.44
VTRS,1980-07-30,0.0,1.52,1.44,1.44
VTRS,1980-07-31,0.0,1.48,1.44,1.44
VTRS,1980-08-01,0.0,1.48,1.43,1.43
VTRS,1980-08-04,0.0,1.5,1.43,1.43
VTRS,1980-08-05,0.0,1.44,1.41,1.41
VTRS,1980-08-06,0.0,1.41,1.37,1.37
VTRS,1980-08-07,0.0,1.41,1.37,1.37
VTRS,1980-08-08,0.0,1.41,1.33,1.33
VTRS,1980-08-11,0.0,1.3,1.26,1.26
VTRS,1980-08-12,0.0,1.33,1.3,1.3
VTRS,1980-08-13,0.0,1.3,1.26,1.26
VTRS,1980-08-14,0.0,1.33,1.26,1.26
VTRS,1980-08-15,0.0,1.37,1.33,1.33
VTRS,1980-08-18,0.0,1.33,1.26,1.26
VTRS,1980-08-19,0.0,1.33,1.26,1.26
VTRS,1980-08-20,0.0,1.33,1.26,1.26
VTRS,1980-08-21,0.0,1.33,1.3,1.3
VTRS,1980-08-22,0.0,1.44,1.41,1.41
VTRS,1980-08-25,0.0,1.39,1.37,1.37
VTRS,1980-08-26,0.0,1.41,1.35,1.35
VTRS,1980-08-27,0.0,1.41,1.35,1.35
VTRS,1980-08-28,0.0,1.41,1.37,1.37
VTRS,1980-08-29,0.0,1.44,1.39,1.39
VTRS,1980-09-02,0.0,1.43,1.37,1.37
VTRS,1980-09-03,0.0,1.44,1.37,1.37
VTRS,1980-09-04,0.0,1.41,1.35,1.35
VTRS,1980-09-05,0.0,1.41,1.37,1.37
VTRS,1980-09-08,0.0,1.41,1.33,1.33
VTRS,1980-09-09,0.0,1.41,1.35,1.35
VTRS,1980-09-10,0.0,1.41,1.37,1.37
VTRS,1980-09-11,0.0,1.41,1.35,1.35
VTRS,1980-09-12,0.0,1.37,1.33,1.33
VTRS,1980-09-15,0.0,1.28,1.19,1.19
VTRS,1980-09-16,0.0,1.28,1.22,1.22
VTRS,1980-09-17,0.0,1.2,1.15,1.15
VTRS,1980-09-18,0.0,1.26,1.19,1.19
VTRS,1980-09-19,0.0,1.24,1.19,1.19
VTRS,1980-09-22,0.0,1.26,1.2,1.2
VTRS,1980-09-23,0.0,1.26,1.22,1.22
VTRS,1980-09-24,0.0,1.26,1.2,1.2
VTRS,1980-09-25,0.0,1.26,1.2,1.2
VTRS,1980-09-26,0.0,1.22,1.19,1.19
VTRS,1980-09-29,0.0,1.2,1.15,1.15
VTRS,1980-09-30,0.0,1.22,1.15,1.15
VTRS,1980-10-01,0.0,1.22,1.15,1.15
VTRS,1980-10-02,0.0,1.15,1.11,1.11
VTRS,1980-10-03,0.0,1.17,1.11,1.11
VTRS,1980-10-06,0.0,1.19,1.11,1.11
VTRS,1980-10-07,0.0,1.17,1.11,1.11
VTRS,1980-10-08,0.0,1.19,1.15,1.15
VTRS,1980-10-09,0.0,1.19,1.15,1.15
VTRS,1980-10-10,0.0,1.19,1.15,1.15
VTRS,1980-10-13,0.0,1.19,1.15,1.15
VTRS,1980-10-14,0.0,1.17,1.11,1.11
VTRS,1980-10-15,0.0,1.19,1.11,1.11
VTRS,1980-10-16,0.0,1.15,1.09,1.09
VTRS,1980-10-17,0.0,1.15,1.07,1.07
VTRS,1980-10-20,0.0,1.15,1.07,1.07
VTRS,1980-10-21,0.0,1.15,1.07,1.07
VTRS,1980-10-22,0.0,1.15,1.07,1.07
VTRS,1980-10-23,0.0,1.13,1.07,1.07
VTRS,1980-10-24,0.0,1.13,1.07,1.07
VTRS,1980-10-27,0.0,1.09,1.04,1.04
VTRS,1980-10-28,0.0,1.07,1.0,1.0
VTRS,1980-10-29,0.0,1.15,1.07,1.07
VTRS,1980-10-30,0.0,1.3,1.22,1.22
VTRS,1980-10-31,0.0,1.22,1.17,1.17
VTRS,1980-11-03,0.0,1.31,1.26,1.26
VTRS,1980-11-05,0.0,1.44,1.37,1.37
VTRS,1980-11-06,0.0,1.44,1.37,1.37
VTRS,1980-11-07,0.0,1.44,1.37,1.37
VTRS,1980-11-10,0.0,1.44,1.39,1.39
VTRS,1980-11-11,0.0,1.44,1.43,1.43
VTRS,1980-11-12,0.0,1.48,1.43,1.43
VTRS,1980-11-13,0.0,1.44,1.41,1.41
VTRS,1980-11-14,0.0,1.41,1.33,1.33
VTRS,1980-11-17,0.0,1.41,1.35,1.35
VTRS,1980-11-18,0.0,1.41,1.37,1.37
VTRS,1980-11-19,0.0,1.44,1.41,1.41
VTRS,1980-11-20,0.0,1.46,1.41,1.41
VTRS,1980-11-21,0.0,1.44,1.41,1.41
VTRS,1980-11-24,0.0,1.48,1.43,1.43
VTRS,1980-11-25,0.0,1.43,1.41,1.41
VTRS,1980-11-26,0.0,1.44,1.37,1.37
VTRS,1980-11-28,0.0,1.37,1.3,1.3
VTRS,1980-12-01,0.0,1.33,1.3,1.3
VTRS,1980-12-02,0.0,1.35,1.3,1.3
VTRS,1980-12-03,0.0,1.33,1.26,1.26
VTRS,1980-12-04,0.0,1.33,1.26,1.26
VTRS,1980-12-05,0.0,1.33,1.26,1.26
VTRS,1980-12-08,0.0,1.28,1.22,1.22
VTRS,1980-12-09,0.0,1.22,1.15,1.15
VTRS,1980-12-10,0.0,1.19,1.15,1.15
VTRS,1980-12-11,0.0,1.15,1.07,1.07
VTRS,1980-12-12,0.0,1.11,1.07,1.07
VTRS,1980-12-15,0.0,1.11,1.07,1.07
VTRS,1980-12-16,0.0,1.11,1.07,1.07
VTRS,1980-12-17,0.0,1.09,1.04,1.04
VTRS,1980-12-18,0.0,1.15,1.09,1.09
VTRS,1980-12-19,0.0,1.15,1.09,1.09
VTRS,1980-12-22,0.0,1.19,1.15,1.15
VTRS,1980-12-23,0.0,1.2,1.15,1.15
VTRS,1980-12-24,0.0,1.2,1.15,1.15
VTRS,1980-12-26,0.0,1.22,1.19,1.19
VTRS,1980-12-29,0.0,1.22,1.19,1.19
VTRS,1980-12-30,0.0,1.26,1.19,1.19
VTRS,1980-12-31,0.0,1.26,1.2,1.2
VTRS,1981-01-02,0.0,1.26,1.22,1.22
VTRS,1981-01-05,0.0,1.3,1.26,1.26
VTRS,1981-01-06,0.0,1.44,1.41,1.41
VTRS,1981-01-07,0.0,1.37,1.33,1.33
VTRS,1981-01-08,0.0,1.3,1.24,1.24
VTRS,1981-01-09,0.0,1.3,1.22,1.22
VTRS,1981-01-12,0.0,1.3,1.24,1.24
VTRS,1981-01-13,0.0,1.3,1.26,1.26
VTRS,1981-01-14,0.0,1.31,1.3,1.3
VTRS,1981-01-15,0.0,1.37,1.3,1.3
VTRS,1981-01-16,0.0,1.33,1.3,1.3
VTRS,1981-01-19,0.0,1.33,1.3,1.3
VTRS,1981-01-20,0.0,1.33,1.26,1.26
VTRS,1981-01-21,0.0,1.31,1.22,1.22
VTRS,1981-01-22,0.0,1.33,1.26,1.26
VTRS,1981-01-23,0.0,1.24,1.19,1.19
VTRS,1981-01-26,0.0,1.17,1.11,1.11
VTRS,1981-01-27,0.0,1.26,1.2,1.2
VTRS,1981-01-28,0.0,1.24,1.19,1.19
VTRS,1981-01-29,0.0,1.26,1.19,1.19
VTRS,1981-01-30,0.0,1.22,1.19,1.19
VTRS,1981-02-02,0.0,1.19,1.15,1.15
VTRS,1981-02-03,0.0,1.19,1.11,1.11
VTRS,1981-02-04,0.0,1.17,1.07,1.07
VTRS,1981-02-05,0.0,1.11,1.06,1.06
VTRS,1981-02-06,1.06,1.06,1.06,1.06
VTRS,1981-02-09,0.0,1.11,1.06,1.06
VTRS,1981-02-10,0.0,1.11,1.07,1.07
VTRS,1981-02-11,0.0,1.11,1.06,1.06
VTRS,1981-02-12,0.0,1.15,1.11,1.11
VTRS,1981-02-13,0.0,1.22,1.15,1.15
VTRS,1981-02-17,0.0,1.3,1.19,1.19
VTRS,1981-02-18,0.0,1.26,1.22,1.22
VTRS,1981-02-19,0.0,1.26,1.22,1.22
VTRS,1981-02-20,0.0,1.26,1.22,1.22
VTRS,1981-02-23,0.0,1.26,1.22,1.22
VTRS,1981-02-24,0.0,1.26,1.22,1.22
VTRS,1981-02-25,0.0,1.22,1.19,1.19
VTRS,1981-02-26,0.0,1.24,1.19,1.19
VTRS,1981-02-27,0.0,1.24,1.19,1.19
VTRS,1981-03-02,0.0,1.26,1.19,1.19
VTRS,1981-03-03,0.0,1.26,1.19,1.19
VTRS,1981-03-04,0.0,1.26,1.2,1.2
VTRS,1981-03-05,0.0,1.26,1.22,1.22
VTRS,1981-03-06,0.0,1.33,1.3,1.3
VTRS,1981-03-09,0.0,1.41,1.37,1.37
VTRS,1981-03-10,0.0,1.44,1.41,1.41
VTRS,1981-03-11,0.0,1.44,1.41,1.41
VTRS,1981-03-12,0.0,1.44,1.39,1.39
VTRS,1981-03-13,0.0,1.44,1.37,1.37
VTRS,1981-03-16,0.0,1.46,1.41,1.41
VTRS,1981-03-17,0.0,1.44,1.41,1.41
VTRS,1981-03-18,0.0,1.46,1.41,1.41
VTRS,1981-03-19,0.0,1.46,1.41,1.41
VTRS,1981-03-20,0.0,1.46,1.43,1.43
VTRS,1981-03-23,0.0,1.44,1.43,1.43
VTRS,1981-03-24,0.0,1.46,1.43,1.43
VTRS,1981-03-25,0.0,1.44,1.41,1.41
VTRS,1981-03-26,0.0,1.48,1.41,1.41
VTRS,1981-03-27,0.0,1.48,1.44,1.44
VTRS,1981-03-30,0.0,1.48,1.44,1.44
VTRS,1981-03-31,0.0,1.52,1.46,1.46
VTRS,1981-04-01,0.0,1.52,1.48,1.48
VTRS,1981-04-02,0.0,1.54,1.48,1.48
VTRS,1981-04-03,0.0,1.52,1.48,1.48
VTRS,1981-04-06,0.0,1.48,1.41,1.41
VTRS,1981-04-07,0.0,1.48,1.44,1.44
VTRS,1981-04-08,0.0,1.48,1.43,1.43
VTRS,1981-04-09,0.0,1.46,1.43,1.43
VTRS,1981-04-10,0.0,1.48,1.46,1.46
VTRS,1981-04-13,0.0,1.52,1.46,1.46
VTRS,1981-04-14,0.0,1.46,1.41,1.41
VTRS,1981-04-15,0.0,1.41,1.35,1.35
VTRS,1981-04-16,0.0,1.44,1.39,1.39
VTRS,1981-04-20,0.0,1.44,1.39,1.39
VTRS,1981-04-21,0.0,1.52,1.46,1.46
VTRS,1981-04-22,0.0,1.57,1.52,1.52
VTRS,1981-04-23,0.0,1.8,1.78,1.78
VTRS,1981-04-24,0.0,1.85,1.78,1.78
VTRS,1981-04-27,0.0,2.15,2.07,2.07
VTRS,1981-04-28,0.0,1.93,1.89,1.89
VTRS,1981-04-29,0.0,1.98,1.93,1.93
VTRS,1981-04-30,0.0,2.11,2.06,2.06
VTRS,1981-05-01,0.0,2.37,2.31,2.31
VTRS,1981-05-04,0.0,2.26,2.2,2.2
VTRS,1981-05-05,0.0,2.15,2.11,2.11
VTRS,1981-05-06,0.0,2.09,2.04,2.04
VTRS,1981-05-07,0.0,2.07,2.04,2.04
VTRS,1981-05-08,0.0,2.11,2.07,2.07
VTRS,1981-05-11,0.0,2.06,2.0,2.0
VTRS,1981-05-12,0.0,2.02,2.0,2.0
VTRS,1981-05-13,0.0,2.0,1.93,1.93
VTRS,1981-05-14,0.0,2.0,1.96,1.96
VTRS,1981-05-15,0.0,2.04,1.98,1.98
VTRS,1981-05-18,0.0,2.04,1.98,1.98
VTRS,1981-05-19,0.0,2.0,1.96,1.96
VTRS,1981-05-20,0.0,1.98,1.93,1.93
VTRS,1981-05-21,0.0,1.96,1.91,1.91
VTRS,1981-05-22,0.0,1.96,1.94,1.94
VTRS,1981-05-26,0.0,2.0,1.94,1.94
VTRS,1981-05-27,0.0,2.15,2.11,2.11
VTRS,1981-05-28,0.0,2.19,2.15,2.15
VTRS,1981-05-29,0.0,2.22,2.19,2.19
VTRS,1981-06-01,0.0,2.22,2.19,2.19
VTRS,1981-06-02,0.0,2.19,2.15,2.15
VTRS,1981-06-03,0.0,2.11,2.07,2.07
VTRS,1981-06-04,0.0,2.15,2.11,2.11
VTRS,1981-06-05,0.0,2.15,2.11,2.11
VTRS,1981-06-08,0.0,2.15,2.11,2.11
VTRS,1981-06-09,0.0,2.15,2.11,2.11
VTRS,1981-06-10,0.0,2.28,2.26,2.26
VTRS,1981-06-11,0.0,2.56,2.52,2.52
VTRS,1981-06-12,0.0,2.48,2.44,2.44
VTRS,1981-06-15,0.0,2.41,2.37,2.37
VTRS,1981-06-16,0.0,2.39,2.33,2.33
VTRS,1981-06-17,0.0,2.37,2.35,2.35
VTRS,1981-06-18,0.0,2.28,2.26,2.26
VTRS,1981-06-19,0.0,2.3,2.26,2.26
VTRS,1981-06-22,0.0,2.26,2.22,2.22
VTRS,1981-06-23,0.0,2.22,2.19,2.19
VTRS,1981-06-24,0.0,2.17,2.13,2.13
VTRS,1981-06-25,0.0,2.33,2.28,2.28
VTRS,1981-06-26,0.0,2.31,2.26,2.26
VTRS,1981-06-29,0.0,2.26,2.22,2.22
VTRS,1981-06-30,0.0,2.3,2.26,2.26
VTRS,1981-07-01,0.0,2.46,2.41,2.41
VTRS,1981-07-02,0.0,2.31,2.3,2.3
VTRS,1981-07-06,0.0,2.3,2.26,2.26
VTRS,1981-07-07,0.0,2.28,2.22,2.22
VTRS,1981-07-08,0.0,2.26,2.22,2.22
VTRS,1981-07-09,0.0,2.26,2.22,2.22
VTRS,1981-07-10,0.0,2.26,2.22,2.22
VTRS,1981-07-13,0.0,2.24,2.19,2.19
VTRS,1981-07-14,0.0,2.22,2.19,2.19
VTRS,1981-07-15,0.0,2.26,2.2,2.2
VTRS,1981-07-16,0.0,2.26,2.22,2.22
VTRS,1981-07-17,0.0,2.26,2.22,2.22
VTRS,1981-07-20,0.0,2.22,2.19,2.19
VTRS,1981-07-21,0.0,2.19,2.13,2.13
VTRS,1981-07-22,0.0,2.04,1.96,1.96
VTRS,1981-07-23,0.0,2.11,2.06,2.06
VTRS,1981-07-24,0.0,2.19,2.13,2.13
VTRS,1981-07-27,0.0,2.2,2.19,2.19
VTRS,1981-07-28,0.0,2.15,2.11,2.11
VTRS,1981-07-29,0.0,2.15,2.11,2.11
VTRS,1981-07-30,0.0,2.15,2.11,2.11
VTRS,1981-07-31,0.0,2.22,2.19,2.19
VTRS,1981-08-03,0.0,2.37,2.33,2.33
VTRS,1981-08-04,0.0,2.56,2.52,2.52
VTRS,1981-08-05,0.0,2.69,2.67,2.67
VTRS,1981-08-06,0.0,2.59,2.56,2.56
VTRS,1981-08-07,0.0,2.69,2.63,2.63
VTRS,1981-08-10,2.63,2.63,2.63,2.63
VTRS,1981-08-11,0.0,2.56,2.52,2.52
VTRS,1981-08-12,0.0,2.54,2.48,2.48
VTRS,1981-08-13,0.0,2.52,2.48,2.48
VTRS,1981-08-14,0.0,2.5,2.44,2.44
VTRS,1981-08-17,0.0,2.56,2.48,2.48
VTRS,1981-08-18,0.0,2.52,2.48,2.48
VTRS,1981-08-19,0.0,2.54,2.48,2.48
VTRS,1981-08-20,0.0,2.48,2.44,2.44
VTRS,1981-08-21,0.0,2.39,2.37,2.37
VTRS,1981-08-24,0.0,2.44,2.37,2.37
VTRS,1981-08-25,0.0,2.41,2.33,2.33
VTRS,1981-08-26,0.0,2.37,2.3,2.3
VTRS,1981-08-27,0.0,2.56,2.54,2.54
VTRS,1981-08-28,0.0,2.56,2.48,2.48
VTRS,1981-08-31,0.0,2.52,2.48,2.48
VTRS,1981-09-01,0.0,2.48,2.44,2.44
VTRS,1981-09-02,0.0,2.48,2.44,2.44
VTRS,1981-09-03,0.0,2.37,2.35,2.35
VTRS,1981-09-04,0.0,2.28,2.22,2.22
VTRS,1981-09-08,0.0,2.15,2.07,2.07
VTRS,1981-09-09,0.0,2.09,2.04,2.04
VTRS,1981-09-10,0.0,2.17,2.11,2.11
VTRS,1981-09-11,0.0,2.3,2.26,2.26
VTRS,1981-09-14,0.0,2.3,2.28,2.28
VTRS,1981-09-15,0.0,2.31,2.28,2.28
VTRS,1981-09-16,0.0,2.33,2.3,2.3
VTRS,1981-09-17,0.0,2.28,2.24,2.24
VTRS,1981-09-18,0.0,2.3,2.26,2.26
VTRS,1981-09-21,0.0,2.33,2.3,2.3
VTRS,1981-09-22,0.0,2.33,2.31,2.31
VTRS,1981-09-23,0.0,2.3,2.26,2.26
VTRS,1981-09-24,0.0,2.3,2.26,2.26
VTRS,1981-09-25,0.0,2.22,2.19,2.19
VTRS,1981-09-28,0.0,2.22,2.19,2.19
VTRS,1981-09-29,0.0,2.39,2.33,2.33
VTRS,1981-09-30,0.0,2.35,2.31,2.31
VTRS,1981-10-01,0.0,2.44,2.41,2.41
VTRS,1981-10-02,0.0,2.52,2.46,2.46
VTRS,1981-10-05,0.0,2.5,2.46,2.46
VTRS,1981-10-06,0.0,2.52,2.46,2.46
VTRS,1981-10-07,0.0,2.56,2.5,2.5
VTRS,1981-10-08,0.0,2.63,2.57,2.57
VTRS,1981-10-09,0.0,2.63,2.57,2.57
VTRS,1981-10-12,0.0,2.59,2.52,2.52
VTRS,1981-10-13,0.0,2.87,2.83,2.83
VTRS,1981-10-14,0.0,2.87,2.85,2.85
VTRS,1981-10-15,0.0,3.41,3.37,3.37
VTRS,1981-10-16,0.0,3.41,3.37,3.37
VTRS,1981-10-19,0.0,3.43,3.39,3.39
VTRS,1981-10-20,0.0,3.3,3.24,3.24
VTRS,1981-10-21,0.0,3.22,3.19,3.19
VTRS,1981-10-22,0.0,3.11,3.07,3.07
VTRS,1981-10-23,0.0,3.06,3.02,3.02
VTRS,1981-10-26,0.0,2.96,2.93,2.93
VTRS,1981-10-27,0.0,3.07,3.04,3.04
VTRS,1981-10-28,0.0,3.07,3.04,3.04
VTRS,1981-10-29,0.0,3.11,3.07,3.07
VTRS,1981-10-30,0.0,3.24,3.2,3.2
VTRS,1981-11-02,0.0,3.44,3.39,3.39
VTRS,1981-11-03,0.0,3.44,3.39,3.39
VTRS,1981-11-04,0.0,3.7,3.63,3.63
VTRS,1981-11-05,0.0,4.02,3.96,3.96
VTRS,1981-11-06,0.0,4.19,4.15,4.15
VTRS,1981-11-09,0.0,4.04,4.0,4.0
VTRS,1981-11-10,0.0,4.07,4.04,4.04
VTRS,1981-11-11,0.0,4.04,4.0,4.0
VTRS,1981-11-12,0.0,4.04,4.0,4.0
VTRS,1981-11-13,0.0,4.02,4.0,4.0
VTRS,1981-11-16,0.0,1.85,1.83,1.83
VTRS,1981-11-17,0.0,2.11,2.04,2.04
VTRS,1981-11-18,0.0,2.44,2.37,2.37
VTRS,1981-11-19,0.0,2.54,2.48,2.48
VTRS,1981-11-20,0.0,2.56,2.52,2.52
VTRS,1981-11-23,0.0,2.44,2.41,2.41
VTRS,1981-11-24,0.0,2.33,2.3,2.3
VTRS,1981-11-25,0.0,2.15,2.11,2.11
VTRS,1981-11-27,0.0,2.15,2.09,2.09
VTRS,1981-11-30,0.0,2.0,1.93,1.93
VTRS,1981-12-01,0.0,2.04,1.96,1.96
VTRS,1981-12-02,0.0,2.22,2.19,2.19
VTRS,1981-12-03,0.0,2.31,2.26,2.26
VTRS,1981-12-04,0.0,2.31,2.26,2.26
VTRS,1981-12-07,0.0,2.31,2.28,2.28
VTRS,1981-12-08,0.0,2.28,2.24,2.24
VTRS,1981-12-09,0.0,2.28,2.24,2.24
VTRS,1981-12-10,0.0,2.26,2.24,2.24
VTRS,1981-12-11,0.0,2.2,2.17,2.17
VTRS,1981-12-14,0.0,2.02,1.98,1.98
VTRS,1981-12-15,0.0,2.09,2.07,2.07
VTRS,1981-12-16,0.0,2.11,2.07,2.07
VTRS,1981-12-17,0.0,2.04,2.0,2.0
VTRS,1981-12-18,0.0,2.07,2.04,2.04
VTRS,1981-12-21,0.0,2.11,2.07,2.07
VTRS,1981-12-22,0.0,2.19,2.15,2.15
VTRS,1981-12-23,0.0,2.33,2.3,2.3
VTRS,1981-12-24,0.0,2.33,2.28,2.28
VTRS,1981-12-28,0.0,2.37,2.31,2.31
VTRS,1981-12-29,0.0,2.44,2.41,2.41
VTRS,1981-12-30,0.0,2.48,2.44,2.44
VTRS,1981-12-31,0.0,2.56,2.5,2.5
VTRS,1982-01-04,0.0,2.52,2.48,2.48
VTRS,1982-01-05,0.0,2.44,2.39,2.39
VTRS,1982-01-06,0.0,2.44,2.39,2.39
VTRS,1982-01-07,0.0,2.54,2.5,2.5
VTRS,1982-01-08,0.0,2.83,2.78,2.78
VTRS,1982-01-11,0.0,2.81,2.76,2.76
VTRS,1982-01-12,0.0,2.85,2.81,2.81
VTRS,1982-01-13,0.0,2.76,2.72,2.72
VTRS,1982-01-14,0.0,2.69,2.65,2.65
VTRS,1982-01-15,0.0,2.7,2.67,2.67
VTRS,1982-01-18,0.0,2.7,2.67,2.67
VTRS,1982-01-19,0.0,2.65,2.61,2.61
VTRS,1982-01-20,0.0,2.74,2.7,2.7
VTRS,1982-01-21,0.0,2.72,2.69,2.69
VTRS,1982-01-22,0.0,2.7,2.67,2.67
VTRS,1982-01-25,0.0,2.89,2.83,2.83
VTRS,1982-01-26,0.0,2.81,2.78,2.78
VTRS,1982-01-27,0.0,2.96,2.91,2.91
VTRS,1982-01-28,0.0,3.07,3.04,3.04
VTRS,1982-01-29,0.0,3.09,3.06,3.06
VTRS,1982-02-01,0.0,2.93,2.89,2.89
VTRS,1982-02-02,0.0,2.96,2.93,2.93
VTRS,1982-02-03,0.0,2.96,2.93,2.93
VTRS,1982-02-04,0.0,2.89,2.85,2.85
VTRS,1982-02-05,0.0,2.91,2.85,2.85
VTRS,1982-02-08,0.0,2.57,2.52,2.52
VTRS,1982-02-09,0.0,2.59,2.56,2.56
VTRS,1982-02-10,0.0,2.67,2.59,2.59
VTRS,1982-02-11,0.0,2.59,2.54,2.54
VTRS,1982-02-12,0.0,2.59,2.56,2.56
VTRS,1982-02-16,0.0,2.56,2.54,2.54
VTRS,1982-02-17,0.0,2.59,2.56,2.56
VTRS,1982-02-18,0.0,2.59,2.56,2.56
VTRS,1982-02-19,0.0,2.59,2.56,2.56
VTRS,1982-02-22,0.0,2.28,2.22,2.22
VTRS,1982-02-23,0.0,2.44,2.37,2.37
VTRS,1982-02-24,0.0,2.59,2.56,2.56
VTRS,1982-02-25,0.0,2.7,2.63,2.63
VTRS,1982-02-26,0.0,2.67,2.65,2.65
VTRS,1982-03-01,0.0,2.7,2.67,2.67
VTRS,1982-03-02,0.0,2.7,2.69,2.69
VTRS,1982-03-03,0.0,2.67,2.63,2.63
VTRS,1982-03-04,0.0,2.63,2.57,2.57
VTRS,1982-03-05,0.0,2.52,2.48,2.48
VTRS,1982-03-08,0.0,2.37,2.33,2.33
VTRS,1982-03-09,0.0,2.37,2.31,2.31
VTRS,1982-03-10,0.0,2.41,2.37,2.37
VTRS,1982-03-11,0.0,2.37,2.31,2.31
VTRS,1982-03-12,0.0,2.28,2.24,2.24
VTRS,1982-03-15,0.0,2.3,2.26,2.26
VTRS,1982-03-16,0.0,2.31,2.3,2.3
VTRS,1982-03-17,0.0,2.37,2.33,2.33
VTRS,1982-03-18,0.0,2.56,2.5,2.5
VTRS,1982-03-19,0.0,2.65,2.61,2.61
VTRS,1982-03-22,0.0,2.83,2.78,2.78
VTRS,1982-03-23,0.0,2.8,2.74,2.74
VTRS,1982-03-24,0.0,2.74,2.7,2.7
VTRS,1982-03-25,0.0,2.65,2.61,2.61
VTRS,1982-03-26,0.0,2.63,2.57,2.57
VTRS,1982-03-29,0.0,2.63,2.59,2.59
VTRS,1982-03-30,0.0,2.63,2.59,2.59
VTRS,1982-03-31,0.0,2.63,2.59,2.59
VTRS,1982-04-01,0.0,2.7,2.67,2.67
VTRS,1982-04-02,0.0,2.65,2.63,2.63
VTRS,1982-04-05,0.0,2.69,2.67,2.67
VTRS,1982-04-06,0.0,2.67,2.61,2.61
VTRS,1982-04-07,0.0,2.65,2.61,2.61
VTRS,1982-04-08,0.0,2.65,2.61,2.61
VTRS,1982-04-12,0.0,2.63,2.59,2.59
VTRS,1982-04-13,0.0,2.59,2.57,2.57
VTRS,1982-04-14,0.0,2.57,2.52,2.52
VTRS,1982-04-15,0.0,2.67,2.61,2.61
VTRS,1982-04-16,0.0,2.78,2.72,2.72
VTRS,1982-04-19,0.0,2.76,2.72,2.72
VTRS,1982-04-20,0.0,2.78,2.74,2.74
VTRS,1982-04-21,0.0,2.8,2.78,2.78
VTRS,1982-04-22,0.0,2.96,2.93,2.93
VTRS,1982-04-23,0.0,2.96,2.93,2.93
VTRS,1982-04-26,0.0,2.93,2.89,2.89
VTRS,1982-04-27,0.0,2.65,2.61,2.61
VTRS,1982-04-28,0.0,2.63,2.57,2.57
VTRS,1982-04-29,0.0,2.59,2.54,2.54
VTRS,1982-04-30,0.0,2.57,2.54,2.54
VTRS,1982-05-03,0.0,2.46,2.43,2.43
VTRS,1982-05-04,0.0,2.44,2.41,2.41
VTRS,1982-05-05,0.0,2.43,2.37,2.37
VTRS,1982-05-06,0.0,2.44,2.43,2.43
VTRS,1982-05-07,0.0,2.46,2.43,2.43
VTRS,1982-05-10,0.0,2.44,2.43,2.43
VTRS,1982-05-11,0.0,2.48,2.46,2.46
VTRS,1982-05-12,0.0,2.48,2.46,2.46
VTRS,1982-05-13,0.0,2.44,2.43,2.43
VTRS,1982-05-14,0.0,2.46,2.44,2.44
VTRS,1982-05-17,0.0,2.41,2.37,2.37
VTRS,1982-05-18,0.0,2.31,2.28,2.28
VTRS,1982-05-19,0.0,2.33,2.3,2.3
VTRS,1982-05-20,0.0,2.28,2.24,2.24
VTRS,1982-05-21,0.0,2.2,2.19,2.19
VTRS,1982-05-24,0.0,2.26,2.22,2.22
VTRS,1982-05-25,0.0,2.2,2.17,2.17
VTRS,1982-05-26,0.0,2.06,2.04,2.04
VTRS,1982-05-27,0.0,2.11,2.09,2.09
VTRS,1982-05-28,0.0,2.22,2.19,2.19
VTRS,1982-06-01,0.0,2.28,2.22,2.22
VTRS,1982-06-02,0.0,2.35,2.33,2.33
VTRS,1982-06-03,0.0,2.3,2.26,2.26
VTRS,1982-06-04,0.0,2.13,2.11,2.11
VTRS,1982-06-07,0.0,2.11,2.09,2.09
VTRS,1982-06-08,0.0,2.13,2.09,2.09
VTRS,1982-06-09,0.0,2.02,2.0,2.0
VTRS,1982-06-10,0.0,2.02,2.0,2.0
VTRS,1982-06-11,0.0,2.02,1.98,1.98
VTRS,1982-06-14,0.0,2.02,2.0,2.0
VTRS,1982-06-15,0.0,2.0,1.96,1.96
VTRS,1982-06-16,0.0,2.04,1.98,1.98
VTRS,1982-06-17,0.0,2.02,1.98,1.98
VTRS,1982-06-18,0.0,2.0,1.98,1.98
VTRS,1982-06-21,0.0,2.0,1.96,1.96
VTRS,1982-06-22,0.0,2.15,2.11,2.11
VTRS,1982-06-23,0.0,2.37,2.31,2.31
VTRS,1982-06-24,0.0,2.31,2.3,2.3
VTRS,1982-06-25,0.0,2.31,2.3,2.3
VTRS,1982-06-28,0.0,2.41,2.37,2.37
VTRS,1982-06-29,0.0,2.37,2.31,2.31
VTRS,1982-06-30,0.0,2.35,2.31,2.31
VTRS,1982-07-01,0.0,2.35,2.31,2.31
VTRS,1982-07-02,0.0,2.33,2.3,2.3
VTRS,1982-07-06,0.0,2.33,2.3,2.3
VTRS,1982-07-07,0.0,2.33,2.3,2.3
VTRS,1982-07-08,0.0,2.24,2.2,2.2
VTRS,1982-07-09,0.0,2.28,2.22,2.22
VTRS,1982-07-12,0.0,2.26,2.22,2.22
VTRS,1982-07-13,0.0,2.26,2.22,2.22
VTRS,1982-07-14,0.0,2.26,2.2,2.2
VTRS,1982-07-15,0.0,2.26,2.2,2.2
VTRS,1982-07-16,0.0,2.26,2.2,2.2
VTRS,1982-07-19,0.0,2.15,2.11,2.11
VTRS,1982-07-20,0.0,2.13,2.11,2.11
VTRS,1982-07-21,0.0,2.13,2.09,2.09
VTRS,1982-07-22,0.0,2.09,2.06,2.06
VTRS,1982-07-23,0.0,2.11,2.07,2.07
VTRS,1982-07-26,0.0,2.07,2.04,2.04
VTRS,1982-07-27,0.0,2.06,2.04,2.04
VTRS,1982-07-28,0.0,2.0,1.96,1.96
VTRS,1982-07-29,0.0,2.0,1.94,1.94
VTRS,1982-07-30,0.0,2.0,1.96,1.96
VTRS,1982-08-02,0.0,2.04,2.0,2.0
VTRS,1982-08-03,0.0,2.06,2.0,2.0
VTRS,1982-08-04,0.0,2.04,2.0,2.0
VTRS,1982-08-05,0.0,1.89,1.85,1.85
VTRS,1982-08-06,0.0,1.78,1.74,1.74
VTRS,1982-08-09,0.0,1.61,1.56,1.56
VTRS,1982-08-10,0.0,1.65,1.59,1.59
VTRS,1982-08-11,0.0,1.61,1.57,1.57
VTRS,1982-08-12,0.0,1.37,1.31,1.31
VTRS,1982-08-13,0.0,1.43,1.41,1.41
VTRS,1982-08-16,0.0,1.59,1.56,1.56
VTRS,1982-08-17,0.0,1.63,1.61,1.61
VTRS,1982-08-18,0.0,1.76,1.72,1.72
VTRS,1982-08-19,0.0,1.8,1.76,1.76
VTRS,1982-08-20,0.0,1.78,1.76,1.76
VTRS,1982-08-23,0.0,1.74,1.7,1.7
VTRS,1982-08-24,0.0,1.5,1.46,1.46
VTRS,1982-08-25,0.0,1.63,1.59,1.59
VTRS,1982-08-26,0.0,1.7,1.69,1.69
VTRS,1982-08-27,0.0,1.7,1.69,1.69
VTRS,1982-08-30,0.0,1.7,1.67,1.67
VTRS,1982-08-31,0.0,1.69,1.67,1.67
VTRS,1982-09-01,0.0,1.63,1.59,1.59
VTRS,1982-09-02,0.0,1.67,1.61,1.61
VTRS,1982-09-03,0.0,1.65,1.61,1.61
VTRS,1982-09-07,0.0,1.59,1.56,1.56
VTRS,1982-09-08,0.0,1.5,1.48,1.48
VTRS,1982-09-09,0.0,1.52,1.48,1.48
VTRS,1982-09-10,0.0,1.5,1.46,1.46
VTRS,1982-09-13,0.0,1.46,1.44,1.44
VTRS,1982-09-14,0.0,1.65,1.63,1.63
VTRS,1982-09-15,0.0,1.78,1.74,1.74
VTRS,1982-09-16,0.0,1.89,1.85,1.85
VTRS,1982-09-17,0.0,1.93,1.89,1.89
VTRS,1982-09-20,0.0,1.94,1.93,1.93
VTRS,1982-09-21,0.0,2.19,2.15,2.15
VTRS,1982-09-22,0.0,2.2,2.17,2.17
VTRS,1982-09-23,0.0,2.17,2.13,2.13
VTRS,1982-09-24,0.0,2.15,2.11,2.11
VTRS,1982-09-27,0.0,2.24,2.22,2.22
VTRS,1982-09-28,0.0,2.26,2.22,2.22
VTRS,1982-09-29,0.0,2.13,2.11,2.11
VTRS,1982-09-30,0.0,2.09,2.06,2.06
VTRS,1982-10-01,0.0,2.07,2.06,2.06
VTRS,1982-10-04,0.0,2.07,2.02,2.02
VTRS,1982-10-05,0.0,2.07,2.02,2.02
VTRS,1982-10-06,0.0,2.06,2.04,2.04
VTRS,1982-10-07,0.0,2.04,2.0,2.0
VTRS,1982-10-08,0.0,2.07,2.04,2.04
VTRS,1982-10-11,0.0,2.04,2.0,2.0
VTRS,1982-10-12,0.0,2.0,1.98,1.98
VTRS,1982-10-13,0.0,2.04,2.0,2.0
VTRS,1982-10-14,0.0,2.04,2.0,2.0
VTRS,1982-10-15,0.0,2.04,2.0,2.0
VTRS,1982-10-18,0.0,2.11,2.07,2.07
VTRS,1982-10-19,0.0,2.19,2.15,2.15
VTRS,1982-10-20,0.0,2.22,2.19,2.19
VTRS,1982-10-21,0.0,2.15,2.11,2.11
VTRS,1982-10-22,0.0,2.06,2.0,2.0
VTRS,1982-10-25,0.0,1.94,1.91,1.91
VTRS,1982-10-26,0.0,2.07,2.02,2.02
VTRS,1982-10-27,0.0,2.13,2.09,2.09
VTRS,1982-10-28,0.0,2.26,2.22,2.22
VTRS,1982-10-29,0.0,2.37,2.31,2.31
VTRS,1982-11-01,0.0,2.33,2.3,2.3
VTRS,1982-11-02,0.0,2.3,2.26,2.26
VTRS,1982-11-03,0.0,2.24,2.2,2.2
VTRS,1982-11-04,0.0,2.15,2.13,2.13
VTRS,1982-11-05,0.0,2.2,2.17,2.17
VTRS,1982-11-08,0.0,2.17,2.13,2.13
VTRS,1982-11-09,0.0,2.3,2.26,2.26
VTRS,1982-11-10,0.0,2.28,2.24,2.24
VTRS,1982-11-11,0.0,2.31,2.28,2.28
VTRS,1982-11-12,0.0,2.65,2.59,2.59
VTRS,1982-11-15,0.0,2.59,2.56,2.56
VTRS,1982-11-16,0.0,2.52,2.5,2.5
VTRS,1982-11-17,0.0,2.61,2.59,2.59
VTRS,1982-11-18,0.0,2.61,2.57,2.57
VTRS,1982-11-19,0.0,2.61,2.57,2.57
VTRS,1982-11-22,0.0,2.52,2.48,2.48
VTRS,1982-11-23,0.0,2.59,2.57,2.57
VTRS,1982-11-24,0.0,2.74,2.7,2.7
VTRS,1982-11-26,0.0,2.91,2.89,2.89
VTRS,1982-11-29,0.0,2.76,2.74,2.74
VTRS,1982-11-30,0.0,2.76,2.72,2.72
VTRS,1982-12-01,0.0,2.83,2.81,2.81
VTRS,1982-12-02,0.0,2.83,2.8,2.8
VTRS,1982-12-03,0.0,3.0,2.94,2.94
VTRS,1982-12-06,0.0,3.24,3.2,3.2
VTRS,1982-12-07,0.0,3.11,3.09,3.09
VTRS,1982-12-08,0.0,3.11,3.07,3.07
VTRS,1982-12-09,0.0,2.96,2.93,2.93
VTRS,1982-12-10,0.0,2.89,2.83,2.83
VTRS,1982-12-13,0.0,2.96,2.93,2.93
VTRS,1982-12-14,0.0,2.81,2.8,2.8
VTRS,1982-12-15,0.0,2.69,2.65,2.65
VTRS,1982-12-16,0.0,2.74,2.72,2.72
VTRS,1982-12-17,0.0,2.8,2.74,2.74
VTRS,1982-12-20,0.0,2.81,2.78,2.78
VTRS,1982-12-21,0.0,2.96,2.93,2.93
VTRS,1982-12-22,0.0,2.93,2.89,2.89
VTRS,1982-12-23,0.0,2.89,2.87,2.87
VTRS,1982-12-27,0.0,2.91,2.87,2.87
VTRS,1982-12-28,0.0,2.89,2.85,2.85
VTRS,1982-12-29,0.0,2.83,2.78,2.78
VTRS,1982-12-30,0.0,2.74,2.7,2.7
VTRS,1982-12-31,0.0,2.74,2.67,2.67
VTRS,1983-01-03,0.0,2.8,2.76,2.76
VTRS,1983-01-04,0.0,2.93,2.87,2.87
VTRS,1983-01-05,0.0,3.09,3.04,3.04
VTRS,1983-01-06,0.0,3.11,3.07,3.07
VTRS,1983-01-07,0.0,3.07,3.04,3.04
VTRS,1983-01-10,0.0,3.04,3.0,3.0
VTRS,1983-01-11,0.0,2.96,2.93,2.93
VTRS,1983-01-12,0.0,2.98,2.96,2.96
VTRS,1983-01-13,0.0,3.02,2.96,2.96
VTRS,1983-01-14,0.0,2.98,2.96,2.96
VTRS,1983-01-17,0.0,2.96,2.93,2.93
VTRS,1983-01-18,0.0,2.96,2.93,2.93
VTRS,1983-01-19,0.0,2.93,2.91,2.91
VTRS,1983-01-20,0.0,2.93,2.89,2.89
VTRS,1983-01-21,0.0,2.89,2.85,2.85
VTRS,1983-01-24,0.0,2.69,2.65,2.65
VTRS,1983-01-25,0.0,2.76,2.72,2.72
VTRS,1983-01-26,0.0,2.63,2.59,2.59
VTRS,1983-01-27,0.0,2.89,2.85,2.85
VTRS,1983-01-28,0.0,2.89,2.85,2.85
VTRS,1983-01-31,0.0,2.93,2.87,2.87
VTRS,1983-02-01,0.0,2.87,2.83,2.83
VTRS,1983-02-02,0.0,2.85,2.81,2.81
VTRS,1983-02-03,0.0,2.87,2.83,2.83
VTRS,1983-02-04,0.0,2.87,2.85,2.85
VTRS,1983-02-07,0.0,2.87,2.85,2.85
VTRS,1983-02-08,0.0,2.83,2.78,2.78
VTRS,1983-02-09,0.0,2.76,2.72,2.72
VTRS,1983-02-10,0.0,2.85,2.8,2.8
VTRS,1983-02-11,0.0,2.89,2.87,2.87
VTRS,1983-02-14,0.0,2.96,2.93,2.93
VTRS,1983-02-15,0.0,2.94,2.89,2.89
VTRS,1983-02-16,0.0,2.94,2.89,2.89
VTRS,1983-02-17,0.0,2.93,2.89,2.89
VTRS,1983-02-18,0.0,2.91,2.89,2.89
VTRS,1983-02-22,0.0,2.91,2.87,2.87
VTRS,1983-02-23,0.0,2.91,2.87,2.87
VTRS,1983-02-24,0.0,2.91,2.89,2.89
VTRS,1983-02-25,0.0,2.87,2.81,2.81
VTRS,1983-02-28,0.0,2.81,2.8,2.8
VTRS,1983-03-01,0.0,2.81,2.78,2.78
VTRS,1983-03-02,0.0,2.81,2.78,2.78
VTRS,1983-03-03,0.0,2.96,2.93,2.93
VTRS,1983-03-04,0.0,2.98,2.93,2.93
VTRS,1983-03-07,0.0,2.96,2.93,2.93
VTRS,1983-03-08,0.0,2.96,2.93,2.93
VTRS,1983-03-09,0.0,2.96,2.93,2.93
VTRS,1983-03-10,0.0,2.91,2.87,2.87
VTRS,1983-03-11,0.0,2.8,2.74,2.74
VTRS,1983-03-14,0.0,2.72,2.69,2.69
VTRS,1983-03-15,0.0,2.91,2.85,2.85
VTRS,1983-03-16,0.0,2.94,2.91,2.91
VTRS,1983-03-17,0.0,3.04,3.0,3.0
VTRS,1983-03-18,0.0,3.04,3.0,3.0
VTRS,1983-03-21,0.0,3.02,3.0,3.0
VTRS,1983-03-22,0.0,3.02,2.96,2.96
VTRS,1983-03-23,0.0,3.0,2.98,2.98
VTRS,1983-03-24,0.0,3.0,2.96,2.96
VTRS,1983-03-25,0.0,2.96,2.93,2.93
VTRS,1983-03-28,0.0,2.96,2.93,2.93
VTRS,1983-03-29,0.0,2.96,2.93,2.93
VTRS,1983-03-30,0.0,2.98,2.94,2.94
VTRS,1983-03-31,0.0,2.96,2.91,2.91
VTRS,1983-04-04,0.0,2.93,2.89,2.89
VTRS,1983-04-05,0.0,2.89,2.85,2.85
VTRS,1983-04-06,0.0,2.81,2.8,2.8
VTRS,1983-04-07,0.0,2.81,2.78,2.78
VTRS,1983-04-08,0.0,2.81,2.8,2.8
VTRS,1983-04-11,0.0,2.81,2.8,2.8
VTRS,1983-04-12,0.0,2.85,2.81,2.81
VTRS,1983-04-13,0.0,2.85,2.83,2.83
VTRS,1983-04-14,0.0,2.89,2.87,2.87
VTRS,1983-04-15,0.0,2.89,2.87,2.87
VTRS,1983-04-18,0.0,2.94,2.91,2.91
VTRS,1983-04-19,0.0,2.96,2.91,2.91
VTRS,1983-04-20,0.0,2.98,2.94,2.94
VTRS,1983-04-21,0.0,2.98,2.94,2.94
VTRS,1983-04-22,0.0,2.96,2.91,2.91
VTRS,1983-04-25,0.0,2.94,2.91,2.91
VTRS,1983-04-26,0.0,2.93,2.89,2.89
VTRS,1983-04-27,0.0,2.89,2.85,2.85
VTRS,1983-04-28,0.0,2.83,2.8,2.8
VTRS,1983-04-29,0.0,2.91,2.89,2.89
VTRS,1983-05-02,0.0,3.04,3.0,3.0
VTRS,1983-05-03,0.0,2.98,2.96,2.96
VTRS,1983-05-04,0.0,2.98,2.96,2.96
VTRS,1983-05-05,0.0,3.0,2.96,2.96
VTRS,1983-05-06,0.0,3.13,3.11,3.11
VTRS,1983-05-09,0.0,3.39,3.35,3.35
VTRS,1983-05-10,0.0,3.46,3.44,3.44
VTRS,1983-05-11,0.0,3.54,3.5,3.5
VTRS,1983-05-12,0.0,3.5,3.44,3.44
VTRS,1983-05-13,0.0,3.52,3.5,3.5
VTRS,1983-05-16,0.0,3.56,3.52,3.52
VTRS,1983-05-17,0.0,3.69,3.65,3.65
VTRS,1983-05-18,0.0,3.85,3.81,3.81
VTRS,1983-05-19,0.0,4.2,4.17,4.17
VTRS,1983-05-20,0.0,4.22,4.19,4.19
VTRS,1983-05-23,0.0,4.0,3.94,3.94
VTRS,1983-05-24,0.0,3.76,3.7,3.7
VTRS,1983-05-25,0.0,3.7,3.67,3.67
VTRS,1983-05-26,0.0,3.72,3.69,3.69
VTRS,1983-05-27,0.0,3.85,3.8,3.8
VTRS,1983-05-31,0.0,3.83,3.8,3.8
VTRS,1983-06-01,0.0,3.89,3.83,3.83
VTRS,1983-06-02,0.0,4.26,4.22,4.22
VTRS,1983-06-03,0.0,4.22,4.19,4.19
VTRS,1983-06-06,0.0,4.37,4.35,4.35
VTRS,1983-06-07,0.0,4.39,4.37,4.37
VTRS,1983-06-08,0.0,4.3,4.26,4.26
VTRS,1983-06-09,0.0,4.41,4.35,4.35
VTRS,1983-06-10,0.0,4.44,4.41,4.41
VTRS,1983-06-13,0.0,4.46,4.44,4.44
VTRS,1983-06-14,0.0,4.5,4.48,4.48
VTRS,1983-06-15,0.0,4.5,4.48,4.48
VTRS,1983-06-16,0.0,4.46,4.41,4.41
VTRS,1983-06-17,0.0,4.41,4.37,4.37
VTRS,1983-06-20,0.0,4.35,4.3,4.3
VTRS,1983-06-21,0.0,4.24,4.2,4.2
VTRS,1983-06-22,0.0,4.22,4.2,4.2
VTRS,1983-06-23,0.0,4.13,4.09,4.09
VTRS,1983-06-24,0.0,4.11,4.07,4.07
VTRS,1983-06-27,0.0,4.15,4.13,4.13
VTRS,1983-06-28,0.0,4.13,4.11,4.11
VTRS,1983-06-29,0.0,4.22,4.19,4.19
VTRS,1983-06-30,0.0,4.81,4.78,4.78
VTRS,1983-07-01,0.0,2.44,2.41,2.41
VTRS,1983-07-05,0.0,2.35,2.31,2.31
VTRS,1983-07-06,0.0,2.46,2.43,2.43
VTRS,1983-07-07,0.0,2.44,2.43,2.43
VTRS,1983-07-08,0.0,2.46,2.43,2.43
VTRS,1983-07-11,0.0,2.44,2.43,2.43
VTRS,1983-07-12,0.0,2.43,2.39,2.39
VTRS,1983-07-13,0.0,2.39,2.35,2.35
VTRS,1983-07-14,0.0,2.39,2.37,2.37
VTRS,1983-07-15,0.0,2.44,2.41,2.41
VTRS,1983-07-18,0.0,2.3,2.26,2.26
VTRS,1983-07-19,0.0,2.2,2.17,2.17
VTRS,1983-07-20,0.0,2.2,2.17,2.17
VTRS,1983-07-21,0.0,2.26,2.22,2.22
VTRS,1983-07-22,0.0,2.28,2.24,2.24
VTRS,1983-07-25,0.0,2.39,2.35,2.35
VTRS,1983-07-26,0.0,2.52,2.48,2.48
VTRS,1983-07-27,0.0,2.48,2.46,2.46
VTRS,1983-07-28,2.46,2.46,2.46,2.46
VTRS,1983-07-29,0.0,2.54,2.5,2.5
VTRS,1983-08-01,0.0,2.44,2.41,2.41
VTRS,1983-08-02,0.0,2.41,2.37,2.37
VTRS,1983-08-03,0.0,2.35,2.33,2.33
VTRS,1983-08-04,0.0,2.26,2.22,2.22
VTRS,1983-08-05,0.0,2.28,2.24,2.24
VTRS,1983-08-08,0.0,2.2,2.17,2.17
VTRS,1983-08-09,0.0,2.2,2.17,2.17
VTRS,1983-08-10,0.0,2.37,2.33,2.33
VTRS,1983-08-11,0.0,2.37,2.31,2.31
VTRS,1983-08-12,0.0,2.37,2.33,2.33
VTRS,1983-08-15,0.0,2.37,2.31,2.31
VTRS,1983-08-16,0.0,2.33,2.31,2.31
VTRS,1983-08-17,0.0,2.33,2.3,2.3
VTRS,1983-08-18,0.0,2.22,2.19,2.19
VTRS,1983-08-19,0.0,2.22,2.19,2.19
VTRS,1983-08-22,0.0,2.19,2.15,2.15
VTRS,1983-08-23,0.0,2.15,2.11,2.11
VTRS,1983-08-24,0.0,2.22,2.19,2.19
VTRS,1983-08-25,0.0,2.24,2.2,2.2
VTRS,1983-08-26,0.0,2.26,2.22,2.22
VTRS,1983-08-29,0.0,2.22,2.2,2.2
VTRS,1983-08-30,0.0,2.22,2.19,2.19
VTRS,1983-08-31,0.0,2.22,2.17,2.17
VTRS,1983-09-01,0.0,2.22,2.17,2.17
VTRS,1983-09-02,0.0,2.22,2.19,2.19
VTRS,1983-09-06,0.0,2.22,2.2,2.2
VTRS,1983-09-07,0.0,2.22,2.2,2.2
VTRS,1983-09-08,0.0,2.22,2.2,2.2
VTRS,1983-09-09,0.0,2.2,2.17,2.17
VTRS,1983-09-12,0.0,2.09,2.06,2.06
VTRS,1983-09-13,0.0,2.06,2.04,2.04
VTRS,1983-09-14,0.0,2.13,2.09,2.09
VTRS,1983-09-15,0.0,2.13,2.09,2.09
VTRS,1983-09-16,0.0,2.13,2.07,2.07
VTRS,1983-09-19,0.0,2.11,2.07,2.07
VTRS,1983-09-20,0.0,2.09,2.07,2.07
VTRS,1983-09-21,0.0,2.09,2.06,2.06
VTRS,1983-09-22,0.0,2.09,2.06,2.06
VTRS,1983-09-23,0.0,2.09,2.04,2.04
VTRS,1983-09-26,0.0,2.19,2.17,2.17
VTRS,1983-09-27,0.0,2.3,2.26,2.26
VTRS,1983-09-28,0.0,2.44,2.41,2.41
VTRS,1983-09-29,0.0,2.52,2.48,2.48
VTRS,1983-09-30,0.0,2.56,2.52,2.52
VTRS,1983-10-03,0.0,2.5,2.48,2.48
VTRS,1983-10-04,0.0,2.48,2.46,2.46
VTRS,1983-10-05,0.0,2.48,2.46,2.46
VTRS,1983-10-06,0.0,2.5,2.46,2.46
VTRS,1983-10-07,0.0,2.5,2.48,2.48
VTRS,1983-10-10,0.0,2.54,2.5,2.5
VTRS,1983-10-11,0.0,2.54,2.5,2.5
VTRS,1983-10-12,0.0,2.5,2.48,2.48
VTRS,1983-10-13,0.0,2.61,2.59,2.59
VTRS,1983-10-14,0.0,2.85,2.81,2.81
VTRS,1983-10-17,0.0,2.89,2.87,2.87
VTRS,1983-10-18,0.0,2.67,2.65,2.65
VTRS,1983-10-19,0.0,2.7,2.67,2.67
VTRS,1983-10-20,0.0,2.74,2.7,2.7
VTRS,1983-10-21,0.0,2.76,2.72,2.72
VTRS,1983-10-24,0.0,2.69,2.65,2.65
VTRS,1983-10-25,0.0,2.8,2.76,2.76
VTRS,1983-10-26,0.0,2.87,2.85,2.85
VTRS,1983-10-27,0.0,2.81,2.78,2.78
VTRS,1983-10-28,0.0,2.83,2.8,2.8
VTRS,1983-10-31,0.0,2.91,2.85,2.85
VTRS,1983-11-01,0.0,2.89,2.85,2.85
VTRS,1983-11-02,0.0,2.93,2.89,2.89
VTRS,1983-11-03,0.0,2.94,2.91,2.91
VTRS,1983-11-04,0.0,2.89,2.87,2.87
VTRS,1983-11-07,0.0,2.89,2.87,2.87
VTRS,1983-11-08,0.0,3.19,3.15,3.15
VTRS,1983-11-09,0.0,3.11,3.07,3.07
VTRS,1983-11-10,0.0,3.07,3.04,3.04
VTRS,1983-11-11,0.0,3.06,3.02,3.02
VTRS,1983-11-14,0.0,3.13,3.09,3.09
VTRS,1983-11-15,0.0,3.22,3.19,3.19
VTRS,1983-11-16,0.0,3.22,3.2,3.2
VTRS,1983-11-17,0.0,3.31,3.26,3.26
VTRS,1983-11-18,0.0,3.35,3.31,3.31
VTRS,1983-11-21,0.0,3.67,3.63,3.63
VTRS,1983-11-22,0.0,3.65,3.61,3.61
VTRS,1983-11-23,0.0,3.41,3.37,3.37
VTRS,1983-11-25,0.0,3.48,3.44,3.44
VTRS,1983-11-28,0.0,3.39,3.35,3.35
VTRS,1983-11-29,0.0,3.39,3.37,3.37
VTRS,1983-11-30,0.0,3.39,3.35,3.35
VTRS,1983-12-01,0.0,3.33,3.31,3.31
VTRS,1983-12-02,0.0,2.85,2.81,2.81
VTRS,1983-12-05,0.0,3.19,3.13,3.13
VTRS,1983-12-06,0.0,2.96,2.94,2.94
VTRS,1983-12-07,0.0,3.06,3.02,3.02
VTRS,1983-12-08,0.0,3.06,3.04,3.04
VTRS,1983-12-09,0.0,3.15,3.11,3.11
VTRS,1983-12-12,0.0,3.11,3.07,3.07
VTRS,1983-12-13,0.0,3.0,2.96,2.96
VTRS,1983-12-14,0.0,2.8,2.78,2.78
VTRS,1983-12-15,0.0,2.85,2.81,2.81
VTRS,1983-12-16,0.0,2.98,2.94,2.94
VTRS,1983-12-19,0.0,2.98,2.94,2.94
VTRS,1983-12-20,0.0,2.98,2.94,2.94
VTRS,1983-12-21,0.0,3.04,2.98,2.98
VTRS,1983-12-22,0.0,3.09,3.06,3.06
VTRS,1983-12-23,0.0,3.07,3.06,3.06
VTRS,1983-12-27,0.0,3.09,3.06,3.06
VTRS,1983-12-28,0.0,3.04,3.0,3.0
VTRS,1983-12-29,0.0,2.98,2.94,2.94
VTRS,1983-12-30,0.0,2.98,2.94,2.94
VTRS,1984-01-03,0.0,2.91,2.87,2.87
VTRS,1984-01-04,0.0,2.91,2.89,2.89
VTRS,1984-01-05,0.0,2.94,2.89,2.89
VTRS,1984-01-06,0.0,2.96,2.94,2.94
VTRS,1984-01-09,0.0,2.96,2.94,2.94
VTRS,1984-01-10,0.0,2.93,2.87,2.87
VTRS,1984-01-11,0.0,2.91,2.87,2.87
VTRS,1984-01-12,0.0,2.78,2.74,2.74
VTRS,1984-01-13,0.0,2.96,2.93,2.93
VTRS,1984-01-16,0.0,2.96,2.94,2.94
VTRS,1984-01-17,0.0,3.11,3.07,3.07
VTRS,1984-01-18,0.0,3.17,3.11,3.11
VTRS,1984-01-19,0.0,3.13,3.09,3.09
VTRS,1984-01-20,0.0,3.11,3.07,3.07
VTRS,1984-01-23,0.0,3.11,3.07,3.07
VTRS,1984-01-24,0.0,3.09,3.06,3.06
VTRS,1984-01-25,0.0,3.11,3.07,3.07
VTRS,1984-01-26,0.0,3.13,3.09,3.09
VTRS,1984-01-27,0.0,3.48,3.44,3.44
VTRS,1984-01-30,0.0,3.37,3.33,3.33
VTRS,1984-01-31,0.0,3.37,3.35,3.35
VTRS,1984-02-01,0.0,3.39,3.35,3.35
VTRS,1984-02-02,0.0,3.48,3.44,3.44
VTRS,1984-02-03,0.0,3.54,3.5,3.5
VTRS,1984-02-06,0.0,3.52,3.46,3.46
VTRS,1984-02-07,0.0,3.56,3.5,3.5
VTRS,1984-02-08,0.0,3.56,3.52,3.52
VTRS,1984-02-09,0.0,3.31,3.28,3.28
VTRS,1984-02-10,0.0,3.33,3.28,3.28
VTRS,1984-02-13,0.0,3.22,3.17,3.17
VTRS,1984-02-14,0.0,3.15,3.07,3.07
VTRS,1984-02-15,0.0,2.96,2.93,2.93
VTRS,1984-02-16,0.0,3.02,2.98,2.98
VTRS,1984-02-17,0.0,3.04,3.0,3.0
VTRS,1984-02-21,0.0,3.06,3.0,3.0
VTRS,1984-02-22,0.0,3.11,3.07,3.07
VTRS,1984-02-23,0.0,3.13,3.09,3.09
VTRS,1984-02-24,0.0,3.2,3.15,3.15
VTRS,1984-02-27,0.0,3.22,3.19,3.19
VTRS,1984-02-28,0.0,3.22,3.17,3.17
VTRS,1984-02-29,0.0,3.11,3.07,3.07
VTRS,1984-03-01,0.0,3.11,3.07,3.07
VTRS,1984-03-02,0.0,2.09,2.06,2.06
VTRS,1984-03-05,0.0,2.09,2.06,2.06
VTRS,1984-03-06,0.0,2.3,2.26,2.26
VTRS,1984-03-07,0.0,2.41,2.37,2.37
VTRS,1984-03-08,0.0,2.59,2.52,2.52
VTRS,1984-03-09,0.0,2.63,2.59,2.59
VTRS,1984-03-12,0.0,2.52,2.48,2.48
VTRS,1984-03-13,0.0,2.43,2.37,2.37
VTRS,1984-03-14,0.0,2.67,2.63,2.63
VTRS,1984-03-15,0.0,2.69,2.67,2.67
VTRS,1984-03-16,0.0,2.56,2.48,2.48
VTRS,1984-03-19,0.0,2.67,2.63,2.63
VTRS,1984-03-20,0.0,2.65,2.63,2.63
VTRS,1984-03-21,0.0,2.5,2.44,2.44
VTRS,1984-03-22,0.0,2.52,2.48,2.48
VTRS,1984-03-23,0.0,2.63,2.56,2.56
VTRS,1984-03-26,0.0,2.59,2.56,2.56
VTRS,1984-03-27,0.0,2.59,2.57,2.57
VTRS,1984-03-28,0.0,2.61,2.57,2.57
VTRS,1984-03-29,0.0,2.63,2.59,2.59
VTRS,1984-03-30,0.0,2.67,2.63,2.63
VTRS,1984-04-02,0.0,2.7,2.67,2.67
VTRS,1984-04-03,0.0,2.7,2.63,2.63
VTRS,1984-04-04,0.0,2.69,2.65,2.65
VTRS,1984-04-05,0.0,2.65,2.61,2.61
VTRS,1984-04-06,0.0,2.67,2.63,2.63
VTRS,1984-04-09,0.0,2.67,2.63,2.63
VTRS,1984-04-10,0.0,2.61,2.57,2.57
VTRS,1984-04-11,0.0,2.52,2.48,2.48
VTRS,1984-04-12,0.0,2.56,2.5,2.5
VTRS,1984-04-13,0.0,2.7,2.65,2.65
VTRS,1984-04-16,0.0,2.74,2.7,2.7
VTRS,1984-04-17,0.0,2.83,2.8,2.8
VTRS,1984-04-18,0.0,2.83,2.78,2.78
VTRS,1984-04-19,0.0,2.89,2.83,2.83
VTRS,1984-04-23,0.0,2.91,2.87,2.87
VTRS,1984-04-24,0.0,3.19,3.11,3.11
VTRS,1984-04-25,0.0,3.22,3.17,3.17
VTRS,1984-04-26,0.0,3.13,3.07,3.07
VTRS,1984-04-27,0.0,3.24,3.2,3.2
VTRS,1984-04-30,0.0,3.11,3.09,3.09
VTRS,1984-05-01,0.0,3.02,3.0,3.0
VTRS,1984-05-02,0.0,2.85,2.81,2.81
VTRS,1984-05-03,0.0,2.78,2.74,2.74
VTRS,1984-05-04,0.0,2.74,2.72,2.72
VTRS,1984-05-07,0.0,2.69,2.65,2.65
VTRS,1984-05-08,0.0,2.69,2.65,2.65
VTRS,1984-05-09,0.0,2.74,2.7,2.7
VTRS,1984-05-10,0.0,2.72,2.69,2.69
VTRS,1984-05-11,0.0,2.72,2.7,2.7
VTRS,1984-05-14,0.0,2.76,2.72,2.72
VTRS,1984-05-15,0.0,2.81,2.74,2.76
VTRS,1984-05-16,0.0,2.8,2.72,2.76
VTRS,1984-05-17,0.0,2.94,2.78,2.93
VTRS,1984-05-18,0.0,2.98,2.85,2.89
VTRS,1984-05-21,0.0,3.04,2.93,2.93
VTRS,1984-05-22,0.0,3.0,2.93,2.98
VTRS,1984-05-23,0.0,3.04,2.91,2.91
VTRS,1984-05-24,0.0,2.98,2.91,2.93
VTRS,1984-05-25,0.0,2.98,2.93,2.96
VTRS,1984-05-29,0.0,2.96,2.91,2.96
VTRS,1984-05-30,0.0,2.98,2.91,2.93
VTRS,1984-05-31,0.0,2.98,2.93,2.98
VTRS,1984-06-01,0.0,3.06,2.94,3.02
VTRS,1984-06-04,0.0,3.17,3.06,3.15
VTRS,1984-06-05,0.0,3.17,3.11,3.15
VTRS,1984-06-06,0.0,3.17,3.13,3.13
VTRS,1984-06-07,0.0,3.17,3.04,3.06
VTRS,1984-06-08,0.0,3.17,3.06,3.17
VTRS,1984-06-11,0.0,3.33,3.17,3.26
VTRS,1984-06-12,0.0,3.33,3.22,3.3
VTRS,1984-06-13,0.0,3.33,3.3,3.31
VTRS,1984-06-14,0.0,3.44,3.31,3.44
VTRS,1984-06-15,0.0,3.59,3.46,3.56
VTRS,1984-06-18,0.0,3.67,3.48,3.61
VTRS,1984-06-19,0.0,3.65,3.54,3.59
VTRS,1984-06-20,0.0,3.63,3.56,3.63
VTRS,1984-06-21,0.0,3.65,3.54,3.54
VTRS,1984-06-22,0.0,3.72,3.52,3.72
VTRS,1984-06-25,0.0,4.17,3.7,3.94
VTRS,1984-06-26,0.0,3.94,3.76,3.85
VTRS,1984-06-27,0.0,4.02,3.78,3.94
VTRS,1984-06-28,0.0,4.0,3.89,3.98
VTRS,1984-06-29,0.0,4.0,3.93,4.0
VTRS,1984-07-02,0.0,4.02,3.96,4.02
VTRS,1984-07-03,0.0,4.06,4.0,4.04
VTRS,1984-07-05,0.0,4.2,4.0,4.19
VTRS,1984-07-06,0.0,4.26,4.15,4.26
VTRS,1984-07-09,0.0,4.46,4.26,4.44
VTRS,1984-07-10,0.0,4.56,4.44,4.48
VTRS,1984-07-11,0.0,4.5,4.09,4.13
VTRS,1984-07-12,0.0,4.35,4.02,4.33
VTRS,1984-07-13,0.0,4.41,4.28,4.35
VTRS,1984-07-16,0.0,4.35,4.22,4.24
VTRS,1984-07-17,0.0,4.28,4.15,4.24
VTRS,1984-07-18,0.0,4.28,4.2,4.22
VTRS,1984-07-19,0.0,4.24,4.17,4.2
VTRS,1984-07-20,0.0,4.24,4.17,4.2
VTRS,1984-07-23,0.0,4.43,4.22,4.35
VTRS,1984-07-24,0.0,4.41,4.33,4.39
VTRS,1984-07-25,0.0,4.37,4.31,4.33
VTRS,1984-07-26,0.0,4.41,4.26,4.33
VTRS,1984-07-27,0.0,4.37,4.24,4.35
VTRS,1984-07-30,0.0,4.39,4.31,4.37
VTRS,1984-07-31,0.0,4.41,4.35,4.41
VTRS,1984-08-01,0.0,3.22,3.0,3.17
VTRS,1984-08-02,0.0,3.19,3.07,3.17
VTRS,1984-08-03,0.0,3.2,3.09,3.13
VTRS,1984-08-06,0.0,3.3,3.11,3.28
VTRS,1984-08-07,0.0,3.81,3.15,3.72
VTRS,1984-08-08,0.0,3.74,3.59,3.67
VTRS,1984-08-09,0.0,4.33,3.67,4.09
VTRS,1984-08-10,0.0,4.39,4.13,4.19
VTRS,1984-08-13,0.0,4.24,4.13,4.22
VTRS,1984-08-14,0.0,4.35,4.22,4.3
VTRS,1984-08-15,0.0,4.41,4.26,4.35
VTRS,1984-08-16,0.0,4.56,4.35,4.52
VTRS,1984-08-17,0.0,4.67,4.48,4.67
VTRS,1984-08-20,0.0,4.74,4.65,4.74
VTRS,1984-08-21,0.0,5.02,4.7,4.98
VTRS,1984-08-22,0.0,5.54,5.04,5.2
VTRS,1984-08-23,0.0,5.24,4.33,4.63
VTRS,1984-08-24,0.0,4.63,3.67,3.81
VTRS,1984-08-27,0.0,4.33,3.8,4.3
VTRS,1984-08-28,0.0,4.44,4.26,4.41
VTRS,1984-08-29,0.0,4.52,4.33,4.37
VTRS,1984-08-30,0.0,4.37,3.89,4.0
VTRS,1984-08-31,0.0,4.11,3.98,4.09
VTRS,1984-09-04,0.0,4.19,3.87,4.15
VTRS,1984-09-05,0.0,4.37,4.09,4.3
VTRS,1984-09-06,0.0,4.48,4.22,4.22
VTRS,1984-09-07,0.0,4.3,3.93,3.94
VTRS,1984-09-10,0.0,4.06,3.65,3.81
VTRS,1984-09-11,0.0,4.0,3.52,3.59
VTRS,1984-09-12,0.0,3.63,3.52,3.52
VTRS,1984-09-13,0.0,3.56,3.24,3.48
VTRS,1984-09-14,0.0,3.59,3.44,3.52
VTRS,1984-09-17,0.0,3.44,3.07,3.41
VTRS,1984-09-18,0.0,3.48,3.39,3.44
VTRS,1984-09-19,0.0,3.59,3.37,3.5
VTRS,1984-09-20,0.0,3.59,3.44,3.56
VTRS,1984-09-21,0.0,3.72,3.52,3.67
VTRS,1984-09-24,0.0,3.85,3.69,3.76
VTRS,1984-09-25,0.0,3.89,3.69,3.76
VTRS,1984-09-26,0.0,3.78,3.63,3.67
VTRS,1984-09-27,0.0,3.7,3.41,3.54
VTRS,1984-09-28,0.0,3.56,3.44,3.56
VTRS,1984-10-01,0.0,3.59,3.48,3.56
VTRS,1984-10-02,0.0,3.7,3.52,3.67
VTRS,1984-10-03,0.0,3.67,3.63,3.67
VTRS,1984-10-04,0.0,3.7,3.63,3.67
VTRS,1984-10-05,0.0,3.67,3.56,3.63
VTRS,1984-10-08,0.0,3.67,3.59,3.63
VTRS,1984-10-09,0.0,3.67,3.63,3.63
VTRS,1984-10-10,0.0,3.67,3.63,3.63
VTRS,1984-10-11,0.0,3.83,3.65,3.81
VTRS,1984-10-12,0.0,3.96,3.85,3.93
VTRS,1984-10-15,0.0,4.0,3.91,3.91
VTRS,1984-10-16,0.0,3.94,3.89,3.94
VTRS,1984-10-17,0.0,3.98,3.67,3.72
VTRS,1984-10-18,0.0,3.93,3.7,3.89
VTRS,1984-10-19,0.0,4.04,3.91,3.96
VTRS,1984-10-22,0.0,4.15,3.96,4.11
VTRS,1984-10-23,0.0,4.33,3.91,3.96
VTRS,1984-10-24,0.0,4.04,3.91,4.04
VTRS,1984-10-25,0.0,4.04,3.96,4.02
VTRS,1984-10-26,0.0,4.04,3.96,4.02
VTRS,1984-10-29,0.0,4.04,3.98,4.0
VTRS,1984-10-30,0.0,4.04,3.93,3.93
VTRS,1984-10-31,0.0,3.94,3.76,3.76
VTRS,1984-11-01,0.0,3.8,3.72,3.78
VTRS,1984-11-02,0.0,3.85,3.78,3.83
VTRS,1984-11-05,0.0,3.96,3.81,3.93
VTRS,1984-11-06,0.0,4.24,3.96,4.17
VTRS,1984-11-07,0.0,4.22,4.07,4.11
VTRS,1984-11-08,0.0,4.13,4.0,4.02
VTRS,1984-11-09,0.0,4.26,4.09,4.11
VTRS,1984-11-12,0.0,4.13,4.04,4.09
VTRS,1984-11-13,0.0,4.07,3.93,3.93
VTRS,1984-11-14,0.0,4.0,3.91,3.91
VTRS,1984-11-15,0.0,3.93,3.78,3.81
VTRS,1984-11-16,0.0,3.85,3.74,3.78
VTRS,1984-11-19,0.0,3.81,3.57,3.65
VTRS,1984-11-20,0.0,3.65,3.44,3.56
VTRS,1984-11-21,0.0,3.67,3.52,3.67
VTRS,1984-11-23,0.0,3.81,3.74,3.81
VTRS,1984-11-26,0.0,3.89,3.74,3.81
VTRS,1984-11-27,0.0,3.85,3.74,3.8
VTRS,1984-11-28,0.0,3.89,3.65,3.65
VTRS,1984-11-29,0.0,3.7,3.65,3.65
VTRS,1984-11-30,0.0,3.7,3.65,3.7
VTRS,1984-12-03,0.0,3.7,3.59,3.65
VTRS,1984-12-04,0.0,3.69,3.63,3.67
VTRS,1984-12-05,0.0,3.7,3.61,3.65
VTRS,1984-12-06,0.0,3.67,3.48,3.48
VTRS,1984-12-07,0.0,3.59,3.48,3.59
VTRS,1984-12-10,0.0,3.59,3.48,3.48
VTRS,1984-12-11,0.0,3.52,3.37,3.41
VTRS,1984-12-12,0.0,3.5,3.43,3.46
VTRS,1984-12-13,0.0,3.48,3.39,3.39
VTRS,1984-12-14,0.0,3.44,3.39,3.44
VTRS,1984-12-17,0.0,3.44,3.41,3.44
VTRS,1984-12-18,0.0,3.83,3.43,3.83
VTRS,1984-12-19,0.0,3.98,3.78,3.83
VTRS,1984-12-20,0.0,3.85,3.78,3.78
VTRS,1984-12-21,0.0,3.8,3.72,3.74
VTRS,1984-12-24,0.0,3.78,3.74,3.74
VTRS,1984-12-26,0.0,3.81,3.7,3.78
VTRS,1984-12-27,0.0,3.81,3.74,3.74
VTRS,1984-12-28,0.0,3.78,3.7,3.76
VTRS,1984-12-31,0.0,3.78,3.72,3.76
VTRS,1985-01-02,0.0,3.72,3.63,3.63
VTRS,1985-01-03,0.0,3.67,3.59,3.65
VTRS,1985-01-04,0.0,3.67,3.63,3.63
VTRS,1985-01-07,0.0,3.67,3.56,3.56
VTRS,1985-01-08,0.0,3.7,3.59,3.67
VTRS,1985-01-09,0.0,3.69,3.63,3.69
VTRS,1985-01-10,0.0,3.69,3.65,3.67
VTRS,1985-01-11,0.0,3.69,3.65,3.69
VTRS,1985-01-14,0.0,3.7,3.65,3.7
VTRS,1985-01-15,0.0,3.76,3.7,3.76
VTRS,1985-01-16,0.0,3.85,3.76,3.85
VTRS,1985-01-17,0.0,4.11,3.85,4.0
VTRS,1985-01-18,0.0,4.15,4.0,4.09
VTRS,1985-01-21,0.0,4.19,4.07,4.15
VTRS,1985-01-22,0.0,4.22,4.13,4.17
VTRS,1985-01-23,0.0,4.31,4.15,4.3
VTRS,1985-01-24,0.0,4.46,4.26,4.37
VTRS,1985-01-25,0.0,4.65,4.37,4.59
VTRS,1985-01-28,0.0,4.85,4.61,4.83
VTRS,1985-01-29,0.0,4.96,4.81,4.91
VTRS,1985-01-30,0.0,4.96,4.56,4.65
VTRS,1985-01-31,0.0,4.74,4.57,4.63
VTRS,1985-02-01,0.0,4.78,4.63,4.74
VTRS,1985-02-04,0.0,4.74,4.65,4.69
VTRS,1985-02-05,0.0,4.72,4.67,4.7
VTRS,1985-02-06,0.0,4.91,4.7,4.87
VTRS,1985-02-07,0.0,5.04,4.87,5.04
VTRS,1985-02-08,0.0,5.15,5.02,5.15
VTRS,1985-02-11,0.0,5.15,4.91,4.93
VTRS,1985-02-12,0.0,4.96,4.87,4.91
VTRS,1985-02-13,0.0,5.22,4.91,5.19
VTRS,1985-02-14,0.0,5.3,5.19,5.3
VTRS,1985-02-15,0.0,5.33,5.24,5.3
VTRS,1985-02-19,0.0,2.61,2.35,2.52
VTRS,1985-02-20,0.0,2.74,2.52,2.67
VTRS,1985-02-21,0.0,2.74,2.63,2.67
VTRS,1985-02-22,0.0,2.69,2.57,2.59
VTRS,1985-02-25,0.0,2.59,2.48,2.52
VTRS,1985-02-26,0.0,2.65,2.52,2.59
VTRS,1985-02-27,0.0,2.65,2.59,2.63
VTRS,1985-02-28,0.0,2.67,2.61,2.67
VTRS,1985-03-01,0.0,2.78,2.65,2.72
VTRS,1985-03-04,0.0,2.76,2.67,2.7
VTRS,1985-03-05,0.0,2.76,2.7,2.72
VTRS,1985-03-06,0.0,2.76,2.7,2.74
VTRS,1985-03-07,0.0,2.74,2.59,2.63
VTRS,1985-03-08,0.0,2.7,2.61,2.65
VTRS,1985-03-11,0.0,2.69,2.59,2.63
VTRS,1985-03-12,0.0,2.69,2.63,2.65
VTRS,1985-03-13,0.0,2.72,2.65,2.7
VTRS,1985-03-14,0.0,2.72,2.67,2.7
VTRS,1985-03-15,0.0,2.74,2.69,2.69
VTRS,1985-03-18,0.0,2.7,2.67,2.69
VTRS,1985-03-19,0.0,2.69,2.63,2.65
VTRS,1985-03-20,0.0,2.69,2.63,2.67
VTRS,1985-03-21,0.0,2.69,2.63,2.69
VTRS,1985-03-22,0.0,2.74,2.65,2.72
VTRS,1985-03-25,0.0,2.72,2.7,2.72
VTRS,1985-03-26,0.0,2.74,2.7,2.74
VTRS,1985-03-27,0.0,2.91,2.72,2.91
VTRS,1985-03-28,0.0,3.0,2.89,2.94
VTRS,1985-03-29,0.0,3.13,2.94,3.06
VTRS,1985-04-01,0.0,3.3,3.04,3.24
VTRS,1985-04-02,0.0,3.35,3.13,3.17
VTRS,1985-04-03,0.0,3.17,3.04,3.11
VTRS,1985-04-04,0.0,3.28,3.13,3.26
VTRS,1985-04-08,0.0,3.37,3.24,3.26
VTRS,1985-04-09,0.0,3.35,3.28,3.31
VTRS,1985-04-10,0.0,3.39,3.33,3.33
VTRS,1985-04-11,0.0,3.37,3.3,3.33
VTRS,1985-04-12,0.0,3.31,3.2,3.24
VTRS,1985-04-15,0.0,3.3,3.24,3.24
VTRS,1985-04-16,0.0,3.3,3.24,3.26
VTRS,1985-04-17,0.0,3.28,3.13,3.17
VTRS,1985-04-18,0.0,3.19,3.04,3.07
VTRS,1985-04-19,0.0,3.09,2.85,3.07
VTRS,1985-04-22,0.0,3.33,3.09,3.3
VTRS,1985-04-23,0.0,3.56,3.33,3.46
VTRS,1985-04-24,0.0,3.54,3.46,3.52
VTRS,1985-04-25,0.0,3.57,3.37,3.39
VTRS,1985-04-26,0.0,3.43,3.33,3.33
VTRS,1985-04-29,0.0,3.35,3.19,3.2
VTRS,1985-04-30,0.0,3.26,3.07,3.17
VTRS,1985-05-01,0.0,3.19,3.07,3.09
VTRS,1985-05-02,0.0,3.09,2.94,3.02
VTRS,1985-05-03,0.0,3.15,3.0,3.13
VTRS,1985-05-06,0.0,3.26,3.11,3.19
VTRS,1985-05-07,0.0,3.28,3.15,3.26
VTRS,1985-05-08,0.0,3.33,3.26,3.26
VTRS,1985-05-09,0.0,3.28,3.19,3.28
VTRS,1985-05-10,0.0,3.39,3.26,3.37
VTRS,1985-05-13,0.0,3.41,3.33,3.39
VTRS,1985-05-14,0.0,3.54,3.39,3.52
VTRS,1985-05-15,0.0,3.61,3.48,3.48
VTRS,1985-05-16,0.0,3.57,3.44,3.56
VTRS,1985-05-17,0.0,3.57,3.22,3.56
VTRS,1985-05-20,0.0,3.63,3.56,3.57
VTRS,1985-05-21,0.0,3.57,3.44,3.44
VTRS,1985-05-22,0.0,3.46,3.41,3.43
VTRS,1985-05-23,0.0,3.43,3.31,3.33
VTRS,1985-05-24,0.0,3.35,3.19,3.31
VTRS,1985-05-28,0.0,3.41,3.31,3.33
VTRS,1985-05-29,0.0,3.37,3.33,3.37
VTRS,1985-05-30,0.0,3.41,3.35,3.37
VTRS,1985-05-31,0.0,3.41,3.37,3.37
VTRS,1985-06-03,0.0,3.48,3.37,3.48
VTRS,1985-06-04,0.0,3.54,3.48,3.52
VTRS,1985-06-05,0.0,3.59,3.48,3.48
VTRS,1985-06-06,0.0,3.52,3.41,3.48
VTRS,1985-06-07,0.0,3.48,3.43,3.44
VTRS,1985-06-10,0.0,3.48,3.43,3.48
VTRS,1985-06-11,0.0,3.48,3.37,3.41
VTRS,1985-06-12,0.0,3.43,3.37,3.41
VTRS,1985-06-13,0.0,3.56,3.41,3.52
VTRS,1985-06-14,0.0,3.7,3.5,3.67
VTRS,1985-06-17,0.0,3.76,3.67,3.76
VTRS,1985-06-18,0.0,3.76,3.67,3.7
VTRS,1985-06-19,0.0,3.74,3.61,3.61
VTRS,1985-06-20,0.0,3.63,3.52,3.56
VTRS,1985-06-21,0.0,3.63,3.54,3.59
VTRS,1985-06-24,0.0,3.59,3.54,3.57
VTRS,1985-06-25,0.0,3.63,3.56,3.59
VTRS,1985-06-26,0.0,3.61,3.54,3.57
VTRS,1985-06-27,0.0,3.57,3.54,3.57
VTRS,1985-06-28,0.0,3.57,3.56,3.56
VTRS,1985-07-01,0.0,3.57,3.52,3.56
VTRS,1985-07-02,0.0,3.57,3.54,3.56
VTRS,1985-07-03,0.0,3.56,3.54,3.54
VTRS,1985-07-05,0.0,3.59,3.54,3.57
VTRS,1985-07-08,0.0,3.59,3.56,3.56
VTRS,1985-07-09,0.0,3.63,3.56,3.63
VTRS,1985-07-10,0.0,3.72,3.59,3.7
VTRS,1985-07-11,0.0,3.74,3.7,3.74
VTRS,1985-07-12,0.0,3.78,3.72,3.78
VTRS,1985-07-15,0.0,3.83,3.76,3.81
VTRS,1985-07-16,0.0,3.87,3.8,3.85
VTRS,1985-07-17,0.0,3.89,3.83,3.83
VTRS,1985-07-18,0.0,3.85,3.8,3.81
VTRS,1985-07-19,0.0,3.83,3.76,3.76
VTRS,1985-07-22,0.0,3.78,3.7,3.76
VTRS,1985-07-23,0.0,3.78,3.33,3.37
VTRS,1985-07-24,0.0,3.37,3.02,3.22
VTRS,1985-07-25,0.0,3.37,3.24,3.33
VTRS,1985-07-26,0.0,3.46,3.33,3.44
VTRS,1985-07-29,0.0,3.46,3.26,3.26
VTRS,1985-07-30,0.0,3.28,3.19,3.19
VTRS,1985-07-31,0.0,3.24,3.19,3.19
VTRS,1985-08-01,0.0,3.22,3.09,3.15
VTRS,1985-08-02,0.0,3.15,3.02,3.06
VTRS,1985-08-05,0.0,3.06,2.74,2.93
VTRS,1985-08-06,0.0,3.04,2.85,2.89
VTRS,1985-08-07,0.0,2.91,2.83,2.87
VTRS,1985-08-08,0.0,2.91,2.85,2.89
VTRS,1985-08-09,0.0,2.93,2.89,2.93
VTRS,1985-08-12,0.0,2.85,2.72,2.78
VTRS,1985-08-13,0.0,2.78,2.44,2.46
VTRS,1985-08-14,0.0,2.59,2.19,2.54
VTRS,1985-08-15,0.0,2.83,2.59,2.78
VTRS,1985-08-16,0.0,2.8,2.7,2.72
VTRS,1985-08-19,0.0,2.72,2.43,2.46
VTRS,1985-08-20,0.0,2.67,2.41,2.61
VTRS,1985-08-21,0.0,2.69,2.59,2.67
VTRS,1985-08-22,0.0,2.72,2.61,2.63
VTRS,1985-08-23,0.0,2.67,2.59,2.61
VTRS,1985-08-26,0.0,2.61,2.56,2.59
VTRS,1985-08-27,0.0,2.69,2.54,2.67
VTRS,1985-08-28,0.0,2.78,2.69,2.78
VTRS,1985-08-29,0.0,2.96,2.8,2.93
VTRS,1985-08-30,0.0,3.0,2.85,2.87
VTRS,1985-09-03,0.0,2.87,2.76,2.81
VTRS,1985-09-04,0.0,2.87,2.69,2.72
VTRS,1985-09-05,0.0,2.74,2.59,2.69
VTRS,1985-09-06,0.0,2.74,2.57,2.61
VTRS,1985-09-09,0.0,2.67,2.59,2.61
VTRS,1985-09-10,0.0,2.63,2.44,2.48
VTRS,1985-09-11,0.0,2.5,2.37,2.41
VTRS,1985-09-12,0.0,2.57,2.39,2.48
VTRS,1985-09-13,0.0,2.52,2.44,2.46
VTRS,1985-09-16,0.0,2.48,2.44,2.46
VTRS,1985-09-17,0.0,2.5,2.33,2.37
VTRS,1985-09-18,0.0,2.44,2.35,2.43
VTRS,1985-09-19,0.0,2.46,2.39,2.41
VTRS,1985-09-20,0.0,2.44,2.39,2.39
VTRS,1985-09-23,0.0,2.46,2.39,2.43
VTRS,1985-09-24,0.0,2.44,2.19,2.22
VTRS,1985-09-25,0.0,2.3,2.2,2.2
VTRS,1985-09-26,0.0,2.22,2.15,2.19
VTRS,1985-09-30,0.0,2.24,2.17,2.2
VTRS,1985-10-01,0.0,2.35,2.19,2.33
VTRS,1985-10-02,0.0,2.37,2.28,2.33
VTRS,1985-10-03,0.0,2.33,2.28,2.28
VTRS,1985-10-04,0.0,2.3,2.2,2.24
VTRS,1985-10-07,0.0,2.28,2.2,2.24
VTRS,1985-10-08,0.0,2.24,2.2,2.22
VTRS,1985-10-09,0.0,2.24,2.2,2.22
VTRS,1985-10-10,0.0,2.22,2.15,2.19
VTRS,1985-10-11,0.0,2.17,2.0,2.04
VTRS,1985-10-14,0.0,2.26,2.02,2.26
VTRS,1985-10-15,0.0,2.33,2.24,2.24
VTRS,1985-10-16,0.0,2.28,2.15,2.2
VTRS,1985-10-17,0.0,2.28,2.17,2.2
VTRS,1985-10-18,0.0,2.24,2.17,2.2
VTRS,1985-10-21,0.0,2.26,2.2,2.22
VTRS,1985-10-22,0.0,2.33,2.22,2.28
VTRS,1985-10-23,0.0,2.43,2.28,2.37
VTRS,1985-10-24,0.0,2.5,2.35,2.43
VTRS,1985-10-25,0.0,2.43,2.35,2.35
VTRS,1985-10-28,0.0,2.43,2.33,2.43
VTRS,1985-10-29,0.0,2.48,2.39,2.43
VTRS,1985-10-30,0.0,2.46,2.37,2.39
VTRS,1985-10-31,0.0,2.39,2.33,2.37
VTRS,1985-11-01,0.0,2.41,2.33,2.33
VTRS,1985-11-04,0.0,2.37,2.26,2.28
VTRS,1985-11-05,0.0,2.33,2.26,2.33
VTRS,1985-11-06,0.0,2.41,2.31,2.39
VTRS,1985-11-07,0.0,2.41,2.35,2.37
VTRS,1985-11-08,0.0,2.41,2.35,2.41
VTRS,1985-11-11,0.0,2.48,2.39,2.48
VTRS,1985-11-12,0.0,2.63,2.5,2.56
VTRS,1985-11-13,0.0,2.57,2.5,2.52
VTRS,1985-11-14,0.0,2.59,2.5,2.56
VTRS,1985-11-15,0.0,2.63,2.54,2.56
VTRS,1985-11-18,0.0,2.57,2.5,2.52
VTRS,1985-11-19,0.0,2.52,2.46,2.48
VTRS,1985-11-20,0.0,2.59,2.46,2.56
VTRS,1985-11-21,0.0,2.61,2.54,2.57
VTRS,1985-11-22,0.0,2.61,2.57,2.59
VTRS,1985-11-25,0.0,2.59,2.52,2.54
VTRS,1985-11-26,0.0,2.63,2.52,2.61
VTRS,1985-11-27,0.0,2.8,2.61,2.76
VTRS,1985-11-29,0.0,2.8,2.74,2.76
VTRS,1985-12-02,0.0,2.85,2.72,2.76
VTRS,1985-12-03,0.0,2.83,2.74,2.83
VTRS,1985-12-04,0.0,3.02,2.81,2.96
VTRS,1985-12-05,0.0,3.06,2.87,2.87
VTRS,1985-12-06,0.0,2.89,2.8,2.83
VTRS,1985-12-09,0.0,2.87,2.8,2.85
VTRS,1985-12-10,0.0,2.85,2.81,2.85
VTRS,1985-12-11,0.0,2.85,2.74,2.74
VTRS,1985-12-12,0.0,2.8,2.63,2.67
VTRS,1985-12-13,0.0,2.65,2.57,2.59
VTRS,1985-12-16,0.0,2.65,2.59,2.61
VTRS,1985-12-17,0.0,2.63,2.56,2.59
VTRS,1985-12-18,0.0,2.7,2.59,2.63
VTRS,1985-12-19,0.0,2.67,2.61,2.67
VTRS,1985-12-20,0.0,2.74,2.65,2.74
VTRS,1985-12-23,0.0,2.8,2.74,2.78
VTRS,1985-12-24,0.0,2.78,2.69,2.7
VTRS,1985-12-26,0.0,2.72,2.57,2.59
VTRS,1985-12-27,0.0,2.63,2.52,2.63
VTRS,1985-12-30,0.0,2.65,2.61,2.65
VTRS,1985-12-31,0.0,2.72,2.67,2.72
VTRS,1986-01-02,0.0,2.72,2.61,2.67
VTRS,1986-01-03,0.0,2.69,2.56,2.57
VTRS,1986-01-06,0.0,2.57,2.39,2.39
VTRS,1986-01-07,0.0,2.52,2.39,2.48
VTRS,1986-01-08,0.0,2.54,2.37,2.37
VTRS,1986-01-09,0.0,2.41,2.31,2.37
VTRS,1986-01-10,0.0,2.44,2.35,2.43
VTRS,1986-01-13,0.0,2.44,2.39,2.41
VTRS,1986-01-14,0.0,2.48,2.43,2.48
VTRS,1986-01-15,0.0,2.57,2.48,2.54
VTRS,1986-01-16,0.0,2.54,2.48,2.52
VTRS,1986-01-17,0.0,2.52,2.44,2.5
VTRS,1986-01-20,0.0,2.5,2.39,2.43
VTRS,1986-01-21,0.0,2.43,2.37,2.41
VTRS,1986-01-22,0.0,2.48,2.39,2.43
VTRS,1986-01-23,0.0,2.52,2.43,2.5
VTRS,1986-01-24,0.0,2.59,2.5,2.56
VTRS,1986-01-27,0.0,2.61,2.52,2.54
VTRS,1986-01-28,0.0,2.56,2.48,2.52
VTRS,1986-01-29,0.0,2.56,2.5,2.52
VTRS,1986-01-30,0.0,2.56,2.48,2.52
VTRS,1986-01-31,0.0,2.63,2.52,2.61
VTRS,1986-02-03,0.0,2.63,2.61,2.63
VTRS,1986-02-04,0.0,2.67,2.44,2.46
VTRS,1986-02-05,0.0,2.5,2.41,2.5
VTRS,1986-02-06,0.0,2.52,2.43,2.43
VTRS,1986-02-07,0.0,2.5,2.41,2.44
VTRS,1986-02-10,0.0,2.44,2.37,2.37
VTRS,1986-02-11,0.0,2.37,2.26,2.35
VTRS,1986-02-12,0.0,2.35,2.3,2.31
VTRS,1986-02-13,0.0,2.31,2.22,2.24
VTRS,1986-02-14,0.0,2.41,2.24,2.41
VTRS,1986-02-18,0.0,2.44,2.39,2.41
VTRS,1986-02-19,0.0,2.41,2.35,2.35
VTRS,1986-02-20,0.0,2.44,2.35,2.43
VTRS,1986-02-21,0.0,2.54,2.43,2.52
VTRS,1986-02-24,0.0,2.54,2.44,2.48
VTRS,1986-02-25,0.0,2.48,2.39,2.41
VTRS,1986-02-26,0.0,2.48,2.41,2.46
VTRS,1986-02-27,0.0,2.59,2.44,2.57
VTRS,1986-02-28,0.0,2.69,2.56,2.57
VTRS,1986-03-03,0.0,2.57,2.46,2.48
VTRS,1986-03-04,0.0,2.57,2.46,2.54
VTRS,1986-03-05,0.0,2.56,2.5,2.52
VTRS,1986-03-06,0.0,2.59,2.52,2.59
VTRS,1986-03-07,0.0,2.7,2.57,2.67
VTRS,1986-03-10,0.0,2.7,2.65,2.67
VTRS,1986-03-11,0.0,2.7,2.65,2.69
VTRS,1986-03-12,0.0,2.69,2.57,2.59
VTRS,1986-03-13,0.0,2.74,2.57,2.7
VTRS,1986-03-14,0.0,2.81,2.69,2.78
VTRS,1986-03-17,0.0,2.93,2.76,2.93
VTRS,1986-03-18,0.0,3.37,2.94,3.15
VTRS,1986-03-19,0.0,3.41,3.15,3.37
VTRS,1986-03-20,0.0,3.52,3.3,3.37
VTRS,1986-03-21,0.0,3.41,3.24,3.24
VTRS,1986-03-24,0.0,3.26,3.11,3.19
VTRS,1986-03-25,0.0,3.2,3.13,3.19
VTRS,1986-03-26,0.0,3.3,3.17,3.3
VTRS,1986-03-27,0.0,3.41,3.3,3.39
VTRS,1986-03-31,0.0,3.43,3.33,3.37
VTRS,1986-04-01,0.0,3.39,3.31,3.39
VTRS,1986-04-02,0.0,3.39,3.3,3.31
VTRS,1986-04-03,0.0,3.37,3.3,3.31
VTRS,1986-04-04,0.0,3.33,3.24,3.26
VTRS,1986-04-07,0.0,3.28,3.19,3.2
VTRS,1986-04-08,0.0,3.35,3.19,3.31
VTRS,1986-04-09,0.0,3.41,3.31,3.37
VTRS,1986-04-10,0.0,3.5,3.35,3.5
VTRS,1986-04-11,0.0,3.76,3.48,3.74
VTRS,1986-04-14,0.0,3.8,3.63,3.65
VTRS,1986-04-15,0.0,3.63,3.46,3.57
VTRS,1986-04-16,0.0,3.61,3.46,3.61
VTRS,1986-04-17,0.0,3.69,3.52,3.54
VTRS,1986-04-18,0.0,3.59,3.48,3.52
VTRS,1986-04-21,0.0,3.61,3.52,3.59
VTRS,1986-04-22,0.0,3.8,3.59,3.74
VTRS,1986-04-23,0.0,3.78,3.67,3.78
VTRS,1986-04-24,0.0,3.94,3.8,3.94
VTRS,1986-04-25,0.0,4.02,3.67,4.0
VTRS,1986-04-28,0.0,3.94,3.76,3.91
VTRS,1986-04-29,0.0,3.91,3.63,3.87
VTRS,1986-04-30,0.0,3.85,3.5,3.65
VTRS,1986-05-01,0.0,3.56,3.3,3.35
VTRS,1986-05-02,0.0,3.46,3.3,3.44
VTRS,1986-05-05,0.0,3.56,3.44,3.56
VTRS,1986-05-06,0.0,3.59,3.46,3.54
VTRS,1986-05-07,0.0,3.67,3.54,3.65
VTRS,1986-05-08,0.0,3.67,3.54,3.54
VTRS,1986-05-09,0.0,3.56,3.37,3.37
VTRS,1986-05-12,0.0,3.41,3.33,3.37
VTRS,1986-05-13,0.0,3.44,3.26,3.37
VTRS,1986-05-14,0.0,3.41,3.33,3.41
VTRS,1986-05-15,0.0,3.67,3.44,3.67
VTRS,1986-05-16,0.0,3.93,3.69,3.89
VTRS,1986-05-19,0.0,3.85,3.67,3.85
VTRS,1986-05-20,0.0,3.85,3.72,3.85
VTRS,1986-05-21,0.0,3.81,3.72,3.8
VTRS,1986-05-22,0.0,3.83,3.74,3.81
VTRS,1986-05-23,0.0,3.81,3.74,3.74
VTRS,1986-05-27,0.0,3.8,3.67,3.74
VTRS,1986-05-28,0.0,3.72,3.57,3.57
VTRS,1986-05-29,0.0,3.7,3.43,3.69
VTRS,1986-05-30,0.0,3.72,3.63,3.67
VTRS,1986-06-02,0.0,3.76,3.59,3.65
VTRS,1986-06-03,0.0,3.7,3.56,3.56
VTRS,1986-06-04,0.0,3.56,3.43,3.46
VTRS,1986-06-05,0.0,3.63,3.46,3.52
VTRS,1986-06-06,0.0,3.59,3.52,3.56
VTRS,1986-06-09,0.0,3.56,3.48,3.56
VTRS,1986-06-10,0.0,3.67,3.59,3.67
VTRS,1986-06-11,0.0,3.76,3.67,3.74
VTRS,1986-06-12,0.0,3.8,3.7,3.78
VTRS,1986-06-13,0.0,3.81,3.72,3.78
VTRS,1986-06-16,0.0,3.81,3.7,3.72
VTRS,1986-06-17,0.0,3.72,3.59,3.63
VTRS,1986-06-18,0.0,3.61,3.54,3.59
VTRS,1986-06-19,0.0,3.65,3.54,3.65
VTRS,1986-06-20,0.0,3.63,3.56,3.61
VTRS,1986-06-23,0.0,3.65,3.59,3.59
VTRS,1986-06-24,0.0,3.63,3.56,3.57
VTRS,1986-06-25,0.0,3.81,3.56,3.7
VTRS,1986-06-26,0.0,3.85,3.7,3.72
VTRS,1986-06-27,0.0,3.78,3.69,3.7
VTRS,1986-06-30,0.0,3.72,3.63,3.63
VTRS,1986-07-01,0.0,3.59,3.52,3.57
VTRS,1986-07-02,0.0,3.78,3.61,3.76
VTRS,1986-07-03,0.0,3.83,3.67,3.83
VTRS,1986-07-07,0.0,3.8,3.56,3.72
VTRS,1986-07-08,0.0,3.65,3.5,3.54
VTRS,1986-07-09,0.0,3.69,3.46,3.61
VTRS,1986-07-10,0.0,3.63,3.54,3.61
VTRS,1986-07-11,0.0,3.8,3.63,3.76
VTRS,1986-07-14,0.0,3.72,3.56,3.56
VTRS,1986-07-15,0.0,3.56,3.48,3.54
VTRS,1986-07-16,0.0,3.56,3.48,3.48
VTRS,1986-07-17,0.0,3.56,3.44,3.44
VTRS,1986-07-18,0.0,3.43,3.3,3.33
VTRS,1986-07-21,0.0,3.41,3.33,3.37
VTRS,1986-07-22,0.0,3.39,3.31,3.35
VTRS,1986-07-23,0.0,3.41,3.31,3.41
VTRS,1986-07-24,0.0,3.41,3.33,3.37
VTRS,1986-07-25,0.0,3.37,3.07,3.2
VTRS,1986-07-28,0.0,3.17,2.98,3.07
VTRS,1986-07-29,0.0,3.09,3.0,3.0
VTRS,1986-07-30,0.0,3.0,2.67,2.78
VTRS,1986-07-31,0.0,3.0,2.81,3.0
VTRS,1986-08-01,0.0,3.22,3.02,3.11
VTRS,1986-08-04,0.0,2.24,2.07,2.15
VTRS,1986-08-05,0.0,2.15,2.02,2.09
VTRS,1986-08-06,0.0,2.13,2.0,2.09
VTRS,1986-08-07,0.0,2.15,2.07,2.13
VTRS,1986-08-08,0.0,2.15,2.09,2.13
VTRS,1986-08-11,0.0,2.24,2.11,2.17
VTRS,1986-08-12,0.0,2.26,2.19,2.22
VTRS,1986-08-13,0.0,2.24,2.17,2.17
VTRS,1986-08-14,0.0,2.17,2.13,2.17
VTRS,1986-08-15,0.0,2.19,2.04,2.07
VTRS,1986-08-18,0.0,2.09,2.02,2.04
VTRS,1986-08-19,0.0,2.04,1.96,2.0
VTRS,1986-08-20,0.0,2.07,1.94,2.04
VTRS,1986-08-21,0.0,2.07,2.02,2.06
VTRS,1986-08-22,0.0,2.15,2.04,2.11
VTRS,1986-08-25,0.0,2.24,2.09,2.17
VTRS,1986-08-26,0.0,2.19,2.11,2.13
VTRS,1986-08-27,0.0,2.09,2.02,2.07
VTRS,1986-08-28,0.0,2.06,1.98,2.02
VTRS,1986-08-29,0.0,2.04,1.94,1.96
VTRS,1986-09-02,0.0,2.0,1.91,1.91
VTRS,1986-09-03,0.0,1.98,1.89,1.98
VTRS,1986-09-04,0.0,2.06,1.93,1.98
VTRS,1986-09-05,0.0,1.98,1.93,1.93
VTRS,1986-09-08,0.0,1.94,1.87,1.89
VTRS,1986-09-09,0.0,1.96,1.87,1.94
VTRS,1986-09-10,0.0,1.94,1.89,1.91
VTRS,1986-09-11,0.0,1.89,1.78,1.83
VTRS,1986-09-12,0.0,1.83,1.74,1.78
VTRS,1986-09-15,0.0,1.93,1.78,1.83
VTRS,1986-09-16,0.0,1.83,1.78,1.81
VTRS,1986-09-17,0.0,1.83,1.78,1.81
VTRS,1986-09-18,0.0,1.8,1.72,1.74
VTRS,1986-09-19,0.0,1.76,1.63,1.65
VTRS,1986-09-22,0.0,1.7,1.52,1.61
VTRS,1986-09-23,0.0,1.78,1.61,1.78
VTRS,1986-09-24,0.0,1.83,1.76,1.81
VTRS,1986-09-25,0.0,1.83,1.72,1.8
VTRS,1986-09-26,0.0,1.8,1.7,1.7
VTRS,1986-09-29,0.0,1.7,1.65,1.69
VTRS,1986-09-30,0.0,1.76,1.67,1.76
VTRS,1986-10-01,0.0,1.87,1.8,1.81
VTRS,1986-10-02,0.0,1.85,1.8,1.81
VTRS,1986-10-03,0.0,1.83,1.8,1.83
VTRS,1986-10-06,0.0,1.91,1.81,1.91
VTRS,1986-10-07,0.0,1.96,1.89,1.94
VTRS,1986-10-08,0.0,1.94,1.87,1.93
VTRS,1986-10-09,0.0,1.94,1.83,1.87
VTRS,1986-10-10,0.0,1.87,1.81,1.83
VTRS,1986-10-13,0.0,1.85,1.81,1.85
VTRS,1986-10-14,0.0,1.89,1.81,1.85
VTRS,1986-10-15,0.0,1.89,1.81,1.83
VTRS,1986-10-16,0.0,1.87,1.8,1.83
VTRS,1986-10-17,0.0,1.83,1.78,1.8
VTRS,1986-10-20,0.0,1.83,1.78,1.78
VTRS,1986-10-21,0.0,1.89,1.8,1.85
VTRS,1986-10-22,0.0,1.89,1.74,1.78
VTRS,1986-10-23,0.0,1.78,1.74,1.76
VTRS,1986-10-24,0.0,1.76,1.7,1.74
VTRS,1986-10-27,0.0,1.8,1.74,1.8
VTRS,1986-10-28,0.0,1.8,1.72,1.8
VTRS,1986-10-29,0.0,1.76,1.72,1.76
VTRS,1986-10-30,0.0,1.78,1.74,1.78
VTRS,1986-10-31,0.0,1.8,1.76,1.78
VTRS,1986-11-03,0.0,1.81,1.74,1.8
VTRS,1986-11-04,0.0,1.8,1.76,1.76
VTRS,1986-11-05,0.0,1.76,1.7,1.76
VTRS,1986-11-06,0.0,1.76,1.72,1.74
VTRS,1986-11-07,0.0,1.87,1.74,1.83
VTRS,1986-11-10,0.0,1.85,1.8,1.81
VTRS,1986-11-11,0.0,1.89,1.81,1.87
VTRS,1986-11-12,0.0,1.87,1.83,1.83
VTRS,1986-11-13,0.0,1.85,1.8,1.81
VTRS,1986-11-14,0.0,1.85,1.74,1.78
VTRS,1986-11-17,0.0,1.78,1.72,1.72
VTRS,1986-11-18,0.0,1.76,1.69,1.7
VTRS,1986-11-19,0.0,1.8,1.7,1.78
VTRS,1986-11-20,0.0,1.81,1.76,1.78
VTRS,1986-11-21,0.0,1.8,1.74,1.78
VTRS,1986-11-24,0.0,1.8,1.74,1.78
VTRS,1986-11-25,0.0,1.78,1.72,1.78
VTRS,1986-11-26,0.0,1.78,1.76,1.78
VTRS,1986-11-28,0.0,1.78,1.74,1.76
VTRS,1986-12-01,0.0,1.78,1.72,1.78
VTRS,1986-12-02,0.0,1.8,1.76,1.8
VTRS,1986-12-03,0.0,1.83,1.78,1.8
VTRS,1986-12-04,0.0,1.81,1.76,1.8
VTRS,1986-12-05,0.0,1.8,1.76,1.76
VTRS,1986-12-08,0.0,1.81,1.76,1.81
VTRS,1986-12-09,0.0,1.81,1.76,1.76
VTRS,1986-12-10,0.0,1.78,1.74,1.74
VTRS,1986-12-11,0.0,1.76,1.74,1.76
VTRS,1986-12-12,0.0,1.76,1.72,1.72
VTRS,1986-12-15,0.0,1.76,1.7,1.76
VTRS,1986-12-16,0.0,1.76,1.72,1.74
VTRS,1986-12-17,0.0,1.74,1.7,1.72
VTRS,1986-12-18,0.0,1.72,1.69,1.7
VTRS,1986-12-19,0.0,1.72,1.67,1.7
VTRS,1986-12-22,0.0,1.7,1.65,1.69
VTRS,1986-12-23,0.0,1.69,1.61,1.63
VTRS,1986-12-24,0.0,1.67,1.61,1.67
VTRS,1986-12-26,0.0,1.7,1.65,1.69
VTRS,1986-12-29,0.0,1.7,1.63,1.65
VTRS,1986-12-30,0.0,1.67,1.63,1.65
VTRS,1986-12-31,0.0,1.69,1.65,1.65
VTRS,1987-01-02,0.0,1.7,1.65,1.69
VTRS,1987-01-05,0.0,1.76,1.69,1.76
VTRS,1987-01-06,0.0,1.78,1.74,1.74
VTRS,1987-01-07,0.0,1.76,1.72,1.76
VTRS,1987-01-08,0.0,1.81,1.74,1.81
VTRS,1987-01-09,0.0,1.93,1.81,1.89
VTRS,1987-01-12,0.0,2.04,1.91,2.0
VTRS,1987-01-13,0.0,2.07,2.0,2.0
VTRS,1987-01-14,0.0,2.04,1.98,2.0
VTRS,1987-01-15,0.0,2.04,1.96,2.0
VTRS,1987-01-16,0.0,2.0,1.91,1.94
VTRS,1987-01-19,0.0,1.98,1.91,1.93
VTRS,1987-01-20,0.0,1.98,1.91,1.94
VTRS,1987-01-21,0.0,1.94,1.89,1.91
VTRS,1987-01-22,0.0,1.93,1.89,1.91
VTRS,1987-01-23,0.0,1.91,1.81,1.81
VTRS,1987-01-26,0.0,1.91,1.8,1.91
VTRS,1987-01-27,0.0,2.0,1.83,1.87
VTRS,1987-01-28,0.0,2.0,1.81,2.0
VTRS,1987-01-29,0.0,2.04,1.93,1.94
VTRS,1987-01-30,0.0,1.96,1.89,1.94
VTRS,1987-02-02,0.0,1.94,1.89,1.93
VTRS,1987-02-03,0.0,1.94,1.89,1.91
VTRS,1987-02-04,0.0,2.07,1.91,2.04
VTRS,1987-02-05,0.0,2.15,1.98,2.13
VTRS,1987-02-06,0.0,2.19,2.13,2.19
VTRS,1987-02-09,0.0,2.24,2.13,2.22
VTRS,1987-02-10,0.0,2.22,2.15,2.15
VTRS,1987-02-11,0.0,2.28,2.15,2.28
VTRS,1987-02-12,0.0,2.41,2.3,2.37
VTRS,1987-02-13,0.0,2.37,2.26,2.33
VTRS,1987-02-17,0.0,2.41,2.31,2.37
VTRS,1987-02-18,0.0,2.37,2.28,2.31
VTRS,1987-02-19,0.0,2.37,2.28,2.33
VTRS,1987-02-20,0.0,2.39,2.24,2.28
VTRS,1987-02-23,0.0,2.28,2.15,2.22
VTRS,1987-02-24,0.0,2.33,2.2,2.33
VTRS,1987-02-25,0.0,2.33,2.26,2.26
VTRS,1987-02-26,0.0,2.35,2.26,2.35
VTRS,1987-02-27,0.0,2.37,2.31,2.35
VTRS,1987-03-02,0.0,2.37,2.31,2.35
VTRS,1987-03-03,0.0,2.35,2.28,2.3
VTRS,1987-03-04,0.0,2.33,2.28,2.28
VTRS,1987-03-05,0.0,2.3,2.26,2.26
VTRS,1987-03-06,0.0,2.31,2.24,2.24
VTRS,1987-03-09,0.0,2.26,2.17,2.26
VTRS,1987-03-10,0.0,2.33,2.22,2.33
VTRS,1987-03-11,0.0,2.44,2.31,2.35
VTRS,1987-03-12,0.0,2.39,2.33,2.37
VTRS,1987-03-13,0.0,2.41,2.33,2.39
VTRS,1987-03-16,0.0,2.35,2.3,2.31
VTRS,1987-03-17,0.0,2.37,2.33,2.33
VTRS,1987-03-18,0.0,2.37,2.33,2.35
VTRS,1987-03-19,0.0,2.35,2.3,2.31
VTRS,1987-03-20,0.0,2.35,2.3,2.31
VTRS,1987-03-23,0.0,2.39,2.31,2.37
VTRS,1987-03-24,0.0,2.37,2.31,2.31
VTRS,1987-03-25,0.0,2.35,2.31,2.35
VTRS,1987-03-26,0.0,2.39,2.33,2.39
VTRS,1987-03-27,0.0,2.5,2.37,2.48
VTRS,1987-03-30,0.0,2.46,2.31,2.39
VTRS,1987-03-31,0.0,2.48,2.35,2.48
VTRS,1987-04-01,0.0,2.48,2.37,2.48
VTRS,1987-04-02,0.0,2.5,2.43,2.44
VTRS,1987-04-03,0.0,2.57,2.43,2.5
VTRS,1987-04-06,0.0,2.54,2.46,2.46
VTRS,1987-04-07,0.0,2.5,2.39,2.41
VTRS,1987-04-08,0.0,2.46,2.39,2.46
VTRS,1987-04-09,0.0,2.48,2.39,2.41
VTRS,1987-04-10,0.0,2.39,2.31,2.37
VTRS,1987-04-13,0.0,2.41,2.35,2.35
VTRS,1987-04-14,0.0,2.3,2.2,2.22
VTRS,1987-04-15,0.0,2.31,2.22,2.28
VTRS,1987-04-16,0.0,2.28,2.22,2.22
VTRS,1987-04-20,0.0,2.26,2.15,2.15
VTRS,1987-04-21,0.0,2.19,2.13,2.19
VTRS,1987-04-22,0.0,2.26,2.17,2.24
VTRS,1987-04-23,0.0,2.33,2.19,2.3
VTRS,1987-04-24,0.0,2.33,2.26,2.26
VTRS,1987-04-27,0.0,2.26,2.19,2.2
VTRS,1987-04-28,0.0,2.35,2.2,2.35
VTRS,1987-04-29,0.0,2.35,2.28,2.3
VTRS,1987-04-30,0.0,2.28,2.2,2.28
VTRS,1987-05-01,0.0,2.28,2.24,2.24
VTRS,1987-05-04,0.0,2.31,2.24,2.3
VTRS,1987-05-05,0.0,2.37,2.28,2.33
VTRS,1987-05-06,0.0,2.37,2.31,2.31
VTRS,1987-05-07,0.0,2.33,2.28,2.31
VTRS,1987-05-08,0.0,2.33,2.26,2.3
VTRS,1987-05-11,0.0,2.31,2.26,2.26
VTRS,1987-05-12,0.0,2.33,2.24,2.28
VTRS,1987-05-13,0.0,2.31,2.26,2.28
VTRS,1987-05-14,0.0,2.3,2.26,2.3
VTRS,1987-05-15,0.0,2.3,2.22,2.24
VTRS,1987-05-18,0.0,2.3,2.2,2.28
VTRS,1987-05-19,0.0,2.31,2.24,2.26
VTRS,1987-05-20,0.0,2.31,2.2,2.31
VTRS,1987-05-21,0.0,2.33,2.22,2.24
VTRS,1987-05-22,0.0,2.26,2.22,2.22
VTRS,1987-05-26,0.0,2.3,2.24,2.28
VTRS,1987-05-27,0.0,2.28,2.24,2.26
VTRS,1987-05-28,0.0,2.28,2.24,2.26
VTRS,1987-05-29,0.0,2.28,2.24,2.24
VTRS,1987-06-01,0.0,2.28,2.24,2.26
VTRS,1987-06-02,0.0,2.31,2.22,2.3
VTRS,1987-06-03,0.0,2.35,2.3,2.35
VTRS,1987-06-04,0.0,2.33,2.26,2.28
VTRS,1987-06-05,0.0,2.28,2.24,2.24
VTRS,1987-06-08,0.0,2.33,2.24,2.31
VTRS,1987-06-09,0.0,2.33,2.28,2.28
VTRS,1987-06-10,0.0,2.3,2.22,2.28
VTRS,1987-06-11,0.0,2.35,2.28,2.33
VTRS,1987-06-12,0.0,2.44,2.33,2.39
VTRS,1987-06-15,0.0,2.43,2.35,2.39
VTRS,1987-06-16,0.0,2.39,2.35,2.37
VTRS,1987-06-17,0.0,2.41,2.35,2.39
VTRS,1987-06-18,0.0,2.39,2.33,2.37
VTRS,1987-06-19,0.0,2.37,2.33,2.33
VTRS,1987-06-22,0.0,2.39,2.33,2.37
VTRS,1987-06-23,0.0,2.39,2.31,2.35
VTRS,1987-06-24,0.0,2.33,2.3,2.33
VTRS,1987-06-25,0.0,2.33,2.26,2.26
VTRS,1987-06-26,0.0,2.31,2.26,2.26
VTRS,1987-06-29,0.0,2.28,2.22,2.26
VTRS,1987-06-30,0.0,2.26,2.19,2.2
VTRS,1987-07-01,0.0,2.22,2.19,2.2
VTRS,1987-07-02,0.0,2.24,2.2,2.24
VTRS,1987-07-06,0.0,2.3,2.2,2.3
VTRS,1987-07-07,0.0,2.3,2.22,2.24
VTRS,1987-07-08,0.0,2.28,2.2,2.22
VTRS,1987-07-09,0.0,2.24,2.2,2.2
VTRS,1987-07-10,0.0,2.22,2.2,2.2
VTRS,1987-07-13,0.0,2.22,2.19,2.2
VTRS,1987-07-14,0.0,2.2,2.17,2.17
VTRS,1987-07-15,0.0,2.2,2.15,2.19
VTRS,1987-07-16,0.0,2.22,2.17,2.2
VTRS,1987-07-17,0.0,2.2,2.13,2.15
VTRS,1987-07-20,0.0,2.24,2.13,2.19
VTRS,1987-07-21,0.0,2.22,1.98,2.04
VTRS,1987-07-22,0.0,2.06,1.98,2.04
VTRS,1987-07-23,0.0,2.06,1.98,2.0
VTRS,1987-07-24,0.0,2.13,2.04,2.13
VTRS,1987-07-27,0.0,2.2,2.09,2.19
VTRS,1987-07-28,0.0,2.2,2.13,2.17
VTRS,1987-07-29,0.0,2.19,2.15,2.17
VTRS,1987-07-30,0.0,2.19,2.11,2.13
VTRS,1987-07-31,0.0,2.13,2.02,2.04
VTRS,1987-08-03,0.0,2.09,2.0,2.04
VTRS,1987-08-04,0.0,2.07,2.0,2.04
VTRS,1987-08-05,0.0,2.09,2.04,2.06
VTRS,1987-08-06,0.0,2.07,2.04,2.04
VTRS,1987-08-07,0.0,2.07,2.02,2.07
VTRS,1987-08-10,0.0,2.07,2.02,2.07
VTRS,1987-08-11,0.0,2.07,2.04,2.07
VTRS,1987-08-12,0.0,2.07,2.02,2.07
VTRS,1987-08-13,0.0,2.06,2.0,2.04
VTRS,1987-08-14,0.0,2.04,1.98,2.02
VTRS,1987-08-17,0.0,2.06,1.96,1.96
VTRS,1987-08-18,0.0,1.98,1.93,1.96
VTRS,1987-08-19,0.0,1.98,1.93,1.96
VTRS,1987-08-20,0.0,2.06,1.96,1.98
VTRS,1987-08-21,0.0,2.02,1.96,1.98
VTRS,1987-08-24,0.0,2.02,1.94,2.02
VTRS,1987-08-25,0.0,2.11,2.02,2.07
VTRS,1987-08-26,0.0,2.11,2.06,2.09
VTRS,1987-08-27,0.0,2.15,2.06,2.13
VTRS,1987-08-28,0.0,2.15,2.09,2.11
VTRS,1987-08-31,0.0,2.13,2.07,2.11
VTRS,1987-09-01,0.0,2.13,2.04,2.06
VTRS,1987-09-02,0.0,2.02,1.94,1.98
VTRS,1987-09-03,0.0,2.09,1.96,2.09
VTRS,1987-09-04,0.0,2.19,2.11,2.15
VTRS,1987-09-08,0.0,2.15,2.04,2.09
VTRS,1987-09-09,0.0,2.11,2.04,2.07
VTRS,1987-09-10,0.0,2.13,2.06,2.06
VTRS,1987-09-11,0.0,2.07,2.02,2.04
VTRS,1987-09-14,0.0,2.07,2.04,2.06
VTRS,1987-09-15,0.0,2.09,2.02,2.06
VTRS,1987-09-16,0.0,2.07,2.02,2.04
VTRS,1987-09-17,0.0,2.07,2.02,2.06
VTRS,1987-09-18,0.0,2.2,2.04,2.17
VTRS,1987-09-21,0.0,2.2,2.06,2.07
VTRS,1987-09-22,0.0,2.07,2.04,2.07
VTRS,1987-09-23,0.0,2.13,2.07,2.11
VTRS,1987-09-24,0.0,2.17,2.07,2.13
VTRS,1987-09-25,0.0,2.11,2.07,2.09
VTRS,1987-09-28,0.0,2.19,2.09,2.19
VTRS,1987-09-29,0.0,2.19,2.04,2.09
VTRS,1987-09-30,0.0,2.07,1.98,2.07
VTRS,1987-10-01,0.0,2.13,2.07,2.07
VTRS,1987-10-02,0.0,2.17,2.09,2.11
VTRS,1987-10-05,0.0,2.15,2.09,2.11
VTRS,1987-10-06,0.0,2.13,2.07,2.13
VTRS,1987-10-07,0.0,2.11,2.06,2.07
VTRS,1987-10-08,0.0,2.09,2.04,2.06
VTRS,1987-10-09,0.0,2.11,2.04,2.06
VTRS,1987-10-12,0.0,2.06,2.0,2.04
VTRS,1987-10-13,0.0,2.06,2.02,2.02
VTRS,1987-10-14,0.0,2.06,2.0,2.04
VTRS,1987-10-15,0.0,2.06,2.02,2.04
VTRS,1987-10-16,0.0,2.04,1.93,2.0
VTRS,1987-10-19,0.0,2.04,1.48,1.52
VTRS,1987-10-20,0.0,1.67,1.2,1.44
VTRS,1987-10-21,0.0,1.7,1.44,1.48
VTRS,1987-10-22,0.0,1.56,1.39,1.44
VTRS,1987-10-23,0.0,1.44,1.31,1.35
VTRS,1987-10-26,0.0,1.3,1.13,1.15
VTRS,1987-10-27,0.0,1.35,1.19,1.22
VTRS,1987-10-28,0.0,1.26,1.15,1.2
VTRS,1987-10-29,0.0,1.31,1.19,1.28
VTRS,1987-10-30,0.0,1.46,1.33,1.39
VTRS,1987-11-02,0.0,1.5,1.39,1.46
VTRS,1987-11-03,0.0,1.48,1.43,1.46
VTRS,1987-11-04,0.0,1.48,1.44,1.46
VTRS,1987-11-05,0.0,1.48,1.44,1.46
VTRS,1987-11-06,0.0,1.52,1.44,1.48
VTRS,1987-11-09,0.0,1.52,1.46,1.5
VTRS,1987-11-10,0.0,1.52,1.46,1.48
VTRS,1987-11-11,0.0,1.54,1.5,1.54
VTRS,1987-11-12,0.0,1.59,1.56,1.57
VTRS,1987-11-13,0.0,1.59,1.54,1.59
VTRS,1987-11-16,0.0,1.63,1.57,1.61
VTRS,1987-11-17,0.0,1.59,1.56,1.57
VTRS,1987-11-18,0.0,1.59,1.56,1.59
VTRS,1987-11-19,0.0,1.59,1.54,1.54
VTRS,1987-11-20,0.0,1.56,1.52,1.56
VTRS,1987-11-23,0.0,1.57,1.5,1.54
VTRS,1987-11-24,0.0,1.56,1.52,1.52
VTRS,1987-11-25,0.0,1.54,1.52,1.54
VTRS,1987-11-27,0.0,1.54,1.5,1.52
VTRS,1987-11-30,0.0,1.52,1.44,1.44
VTRS,1987-12-01,0.0,1.48,1.44,1.44
VTRS,1987-12-02,0.0,1.46,1.44,1.44
VTRS,1987-12-03,0.0,1.46,1.41,1.41
VTRS,1987-12-04,0.0,1.41,1.31,1.37
VTRS,1987-12-07,0.0,1.41,1.33,1.33
VTRS,1987-12-08,0.0,1.35,1.3,1.31
VTRS,1987-12-09,0.0,1.35,1.3,1.31
VTRS,1987-12-10,0.0,1.33,1.26,1.28
VTRS,1987-12-11,0.0,1.3,1.26,1.28
VTRS,1987-12-14,0.0,1.31,1.26,1.31
VTRS,1987-12-15,0.0,1.33,1.28,1.28
VTRS,1987-12-16,0.0,1.33,1.28,1.31
VTRS,1987-12-17,0.0,1.33,1.28,1.3
VTRS,1987-12-18,1.3,1.3,1.24,1.28
VTRS,1987-12-21,1.3,1.46,1.3,1.31
VTRS,1987-12-22,1.3,1.31,1.26,1.26
VTRS,1987-12-23,1.3,1.33,1.28,1.33
VTRS,1987-12-24,1.31,1.33,1.3,1.31
VTRS,1987-12-28,1.31,1.33,1.26,1.26
VTRS,1987-12-29,1.26,1.28,1.24,1.24
VTRS,1987-12-30,1.24,1.26,1.22,1.24
VTRS,1987-12-31,1.22,1.24,1.19,1.22
VTRS,1988-01-04,1.22,1.35,1.22,1.3
VTRS,1988-01-05,1.33,1.43,1.33,1.43
VTRS,1988-01-06,1.44,1.48,1.43,1.48
VTRS,1988-01-07,1.48,1.48,1.44,1.46
VTRS,1988-01-08,1.46,1.48,1.31,1.33
VTRS,1988-01-11,1.28,1.37,1.28,1.31
VTRS,1988-01-12,1.31,1.33,1.28,1.3
VTRS,1988-01-13,1.31,1.37,1.3,1.35
VTRS,1988-01-14,1.35,1.37,1.31,1.35
VTRS,1988-01-15,1.41,1.46,1.37,1.39
VTRS,1988-01-18,1.39,1.43,1.39,1.43
VTRS,1988-01-19,1.43,1.44,1.35,1.35
VTRS,1988-01-20,1.35,1.39,1.31,1.35
VTRS,1988-01-21,1.31,1.33,1.3,1.3
VTRS,1988-01-22,1.3,1.33,1.3,1.31
VTRS,1988-01-25,1.33,1.37,1.33,1.35
VTRS,1988-01-26,1.33,1.35,1.33,1.35
VTRS,1988-01-27,1.33,1.35,1.3,1.3
VTRS,1988-01-28,1.3,1.31,1.3,1.3
VTRS,1988-01-29,1.31,1.31,1.26,1.28
VTRS,1988-02-01,1.28,1.31,1.28,1.3
VTRS,1988-02-02,1.3,1.31,1.28,1.28
VTRS,1988-02-03,1.28,1.33,1.26,1.3
VTRS,1988-02-04,1.31,1.33,1.26,1.28
VTRS,1988-02-05,1.26,1.28,1.26,1.26
VTRS,1988-02-08,1.26,1.26,1.22,1.24
VTRS,1988-02-09,1.24,1.24,1.22,1.22
VTRS,1988-02-10,1.22,1.26,1.22,1.24
VTRS,1988-02-11,1.22,1.24,1.22,1.22
VTRS,1988-02-12,1.24,1.24,1.22,1.24
VTRS,1988-02-16,1.22,1.22,1.2,1.22
VTRS,1988-02-17,1.22,1.22,1.2,1.22
VTRS,1988-02-18,1.22,1.22,1.2,1.22
VTRS,1988-02-19,1.22,1.26,1.2,1.26
VTRS,1988-02-22,1.26,1.33,1.26,1.33
VTRS,1988-02-23,1.33,1.37,1.31,1.33
VTRS,1988-02-24,1.33,1.44,1.33,1.44
VTRS,1988-02-25,1.44,1.52,1.43,1.46
VTRS,1988-02-26,1.46,1.46,1.44,1.46
VTRS,1988-02-29,1.46,1.5,1.46,1.48
VTRS,1988-03-01,1.5,1.52,1.46,1.48
VTRS,1988-03-02,1.46,1.5,1.46,1.5
VTRS,1988-03-03,1.5,1.57,1.48,1.56
VTRS,1988-03-04,1.54,1.59,1.5,1.59
VTRS,1988-03-07,1.57,1.63,1.56,1.61
VTRS,1988-03-08,1.61,1.63,1.56,1.56
VTRS,1988-03-09,1.57,1.61,1.56,1.59
VTRS,1988-03-10,1.61,1.61,1.54,1.56
VTRS,1988-03-11,1.54,1.56,1.5,1.56
VTRS,1988-03-14,1.56,1.56,1.52,1.56
VTRS,1988-03-15,1.56,1.56,1.48,1.52
VTRS,1988-03-16,1.52,1.52,1.46,1.48
VTRS,1988-03-17,1.5,1.54,1.5,1.54
VTRS,1988-03-18,1.54,1.56,1.5,1.52
VTRS,1988-03-21,1.52,1.54,1.48,1.48
VTRS,1988-03-22,1.5,1.52,1.48,1.5
VTRS,1988-03-23,1.5,1.52,1.48,1.5
VTRS,1988-03-24,1.5,1.52,1.44,1.48
VTRS,1988-03-25,1.44,1.48,1.44,1.48
VTRS,1988-03-28,1.44,1.46,1.44,1.44
VTRS,1988-03-29,1.46,1.46,1.43,1.46
VTRS,1988-03-30,1.46,1.48,1.43,1.43
VTRS,1988-03-31,1.44,1.46,1.43,1.44
VTRS,1988-04-04,1.46,1.46,1.43,1.43
VTRS,1988-04-05,1.43,1.44,1.41,1.43
VTRS,1988-04-06,1.41,1.44,1.41,1.44
VTRS,1988-04-07,1.44,1.44,1.41,1.43
VTRS,1988-04-08,1.43,1.46,1.41,1.44
VTRS,1988-04-11,1.48,1.52,1.48,1.5
VTRS,1988-04-12,1.52,1.56,1.5,1.54
VTRS,1988-04-13,1.56,1.56,1.5,1.54
VTRS,1988-04-14,1.5,1.52,1.43,1.43
VTRS,1988-04-15,1.44,1.5,1.44,1.46
VTRS,1988-04-18,1.48,1.52,1.46,1.5
VTRS,1988-04-19,1.5,1.52,1.44,1.44
VTRS,1988-04-20,1.44,1.46,1.43,1.44
VTRS,1988-04-21,1.44,1.48,1.43,1.48
VTRS,1988-04-22,1.48,1.48,1.44,1.48
VTRS,1988-04-25,1.46,1.48,1.44,1.44
VTRS,1988-04-26,1.44,1.54,1.44,1.52
VTRS,1988-04-27,1.52,1.54,1.5,1.54
VTRS,1988-04-28,1.56,1.63,1.56,1.59
VTRS,1988-04-29,1.59,1.59,1.56,1.56
VTRS,1988-05-02,1.57,1.59,1.57,1.57
VTRS,1988-05-03,1.57,1.59,1.57,1.59
VTRS,1988-05-04,1.59,1.76,1.57,1.74
VTRS,1988-05-05,1.76,1.78,1.57,1.74
VTRS,1988-05-06,1.72,1.74,1.67,1.69
VTRS,1988-05-09,1.67,1.8,1.67,1.76
VTRS,1988-05-10,1.78,1.85,1.74,1.81
VTRS,1988-05-11,1.76,1.81,1.7,1.72
VTRS,1988-05-12,1.72,1.78,1.72,1.76
VTRS,1988-05-13,1.74,1.76,1.72,1.74
VTRS,1988-05-16,1.74,1.81,1.72,1.8
VTRS,1988-05-17,1.85,1.85,1.8,1.8
VTRS,1988-05-18,1.81,1.83,1.7,1.74
VTRS,1988-05-19,1.7,1.76,1.69,1.72
VTRS,1988-05-20,1.72,1.76,1.7,1.7
VTRS,1988-05-23,1.72,1.74,1.67,1.67
VTRS,1988-05-24,1.69,1.69,1.67,1.67
VTRS,1988-05-25,1.69,1.7,1.67,1.7
VTRS,1988-05-26,1.72,1.72,1.7,1.72
VTRS,1988-05-27,1.74,1.74,1.7,1.74
VTRS,1988-05-31,1.72,1.8,1.72,1.8
VTRS,1988-06-01,1.83,1.83,1.78,1.8
VTRS,1988-06-02,1.8,1.8,1.74,1.74
VTRS,1988-06-03,1.74,1.78,1.72,1.78
VTRS,1988-06-06,1.76,1.81,1.76,1.8
VTRS,1988-06-07,1.81,1.81,1.74,1.76
VTRS,1988-06-08,1.78,1.78,1.7,1.74
VTRS,1988-06-09,1.72,1.78,1.72,1.76
VTRS,1988-06-10,1.76,1.78,1.74,1.76
VTRS,1988-06-13,1.76,1.78,1.74,1.78
VTRS,1988-06-14,1.78,1.81,1.76,1.78
VTRS,1988-06-15,1.78,1.8,1.76,1.8
VTRS,1988-06-16,1.8,1.8,1.7,1.72
VTRS,1988-06-17,1.72,1.78,1.7,1.74
VTRS,1988-06-20,1.72,1.72,1.7,1.7
VTRS,1988-06-21,1.72,1.76,1.7,1.76
VTRS,1988-06-22,1.78,1.89,1.78,1.89
VTRS,1988-06-23,1.87,1.96,1.87,1.93
VTRS,1988-06-24,1.91,1.93,1.87,1.91
VTRS,1988-06-27,1.89,1.91,1.85,1.85
VTRS,1988-06-28,1.85,1.96,1.85,1.94
VTRS,1988-06-29,1.93,1.96,1.89,1.93
VTRS,1988-06-30,1.91,1.93,1.91,1.93
VTRS,1988-07-01,1.93,1.93,1.91,1.93
VTRS,1988-07-05,1.91,1.93,1.87,1.91
VTRS,1988-07-06,1.91,1.91,1.87,1.87
VTRS,1988-07-07,1.81,1.85,1.8,1.83
VTRS,1988-07-08,1.83,1.83,1.78,1.81
VTRS,1988-07-11,1.81,1.83,1.8,1.8
VTRS,1988-07-12,1.81,1.81,1.74,1.76
VTRS,1988-07-13,1.76,1.78,1.76,1.78
VTRS,1988-07-14,1.78,1.8,1.76,1.78
VTRS,1988-07-15,1.76,1.78,1.72,1.76
VTRS,1988-07-18,1.76,1.76,1.7,1.7
VTRS,1988-07-19,1.72,1.74,1.67,1.69
VTRS,1988-07-20,1.69,1.72,1.69,1.69
VTRS,1988-07-21,1.7,1.7,1.67,1.69
VTRS,1988-07-22,1.67,1.69,1.63,1.65
VTRS,1988-07-25,1.65,1.65,1.56,1.57
VTRS,1988-07-26,1.57,1.61,1.57,1.61
VTRS,1988-07-27,1.61,1.65,1.59,1.63
VTRS,1988-07-28,1.63,1.69,1.61,1.69
VTRS,1988-07-29,1.67,1.72,1.67,1.7
VTRS,1988-08-01,1.72,1.72,1.69,1.69
VTRS,1988-08-02,1.72,1.74,1.67,1.67
VTRS,1988-08-03,1.69,1.69,1.63,1.65
VTRS,1988-08-04,1.63,1.7,1.59,1.61
VTRS,1988-08-05,1.59,1.63,1.59,1.63
VTRS,1988-08-08,1.63,1.63,1.61,1.61
VTRS,1988-08-09,1.63,1.65,1.61,1.63
VTRS,1988-08-10,1.61,1.63,1.57,1.59
VTRS,1988-08-11,1.57,1.59,1.56,1.59
VTRS,1988-08-12,1.57,1.61,1.57,1.59
VTRS,1988-08-15,1.61,1.63,1.59,1.59
VTRS,1988-08-16,1.61,1.63,1.57,1.63
VTRS,1988-08-17,1.65,1.67,1.61,1.67
VTRS,1988-08-18,1.67,1.7,1.67,1.69
VTRS,1988-08-19,1.7,1.7,1.65,1.65
VTRS,1988-08-22,1.67,1.67,1.57,1.57
VTRS,1988-08-23,1.57,1.59,1.54,1.56
VTRS,1988-08-24,1.56,1.63,1.54,1.61
VTRS,1988-08-25,1.61,1.61,1.57,1.57
VTRS,1988-08-26,1.57,1.59,1.57,1.57
VTRS,1988-08-29,1.59,1.63,1.57,1.61
VTRS,1988-08-30,1.61,1.61,1.57,1.59
VTRS,1988-08-31,1.59,1.59,1.57,1.59
VTRS,1988-09-01,1.59,1.59,1.54,1.56
VTRS,1988-09-02,1.54,1.57,1.54,1.57
VTRS,1988-09-06,1.57,1.59,1.56,1.57
VTRS,1988-09-07,1.56,1.57,1.52,1.54
VTRS,1988-09-08,1.54,1.57,1.52,1.57
VTRS,1988-09-09,1.56,1.57,1.54,1.56
VTRS,1988-09-12,1.57,1.59,1.56,1.59
VTRS,1988-09-13,1.59,1.59,1.56,1.56
VTRS,1988-09-14,1.57,1.57,1.52,1.52
VTRS,1988-09-15,1.54,1.54,1.52,1.54
VTRS,1988-09-16,1.52,1.54,1.52,1.54
VTRS,1988-09-19,1.52,1.59,1.52,1.59
VTRS,1988-09-20,1.59,1.59,1.56,1.59
VTRS,1988-09-21,1.59,1.61,1.57,1.57
VTRS,1988-09-22,1.57,1.59,1.54,1.57
VTRS,1988-09-23,1.57,1.59,1.56,1.57
VTRS,1988-09-26,1.56,1.57,1.54,1.57
VTRS,1988-09-27,1.56,1.57,1.54,1.56
VTRS,1988-09-28,1.54,1.59,1.52,1.57
VTRS,1988-09-29,1.56,1.56,1.48,1.5
VTRS,1988-09-30,1.5,1.52,1.43,1.43
VTRS,1988-10-03,1.41,1.52,1.26,1.3
VTRS,1988-10-04,1.3,1.35,1.3,1.35
VTRS,1988-10-05,1.35,1.37,1.3,1.35
VTRS,1988-10-06,1.35,1.41,1.31,1.35
VTRS,1988-10-07,1.37,1.41,1.35,1.41
VTRS,1988-10-10,1.41,1.46,1.41,1.43
VTRS,1988-10-11,1.44,1.44,1.39,1.39
VTRS,1988-10-12,1.37,1.41,1.35,1.35
VTRS,1988-10-13,1.35,1.37,1.33,1.35
VTRS,1988-10-14,1.35,1.37,1.35,1.37
VTRS,1988-10-17,1.37,1.37,1.35,1.35
VTRS,1988-10-18,1.35,1.37,1.35,1.35
VTRS,1988-10-19,1.37,1.37,1.33,1.35
VTRS,1988-10-20,1.33,1.35,1.31,1.33
VTRS,1988-10-21,1.31,1.33,1.31,1.33
VTRS,1988-10-24,1.33,1.33,1.3,1.33
VTRS,1988-10-25,1.33,1.33,1.31,1.33
VTRS,1988-10-26,1.31,1.43,1.31,1.43
VTRS,1988-10-27,1.43,1.43,1.37,1.39
VTRS,1988-10-28,1.39,1.41,1.35,1.37
VTRS,1988-10-31,1.39,1.39,1.35,1.39
VTRS,1988-11-01,1.39,1.39,1.33,1.37
VTRS,1988-11-02,1.37,1.39,1.35,1.37
VTRS,1988-11-03,1.37,1.39,1.35,1.37
VTRS,1988-11-04,1.35,1.39,1.35,1.35
VTRS,1988-11-07,1.33,1.37,1.33,1.33
VTRS,1988-11-08,1.37,1.39,1.37,1.39
VTRS,1988-11-09,1.39,1.39,1.37,1.39
VTRS,1988-11-10,1.37,1.41,1.35,1.41
VTRS,1988-11-11,1.39,1.39,1.35,1.35
VTRS,1988-11-14,1.35,1.39,1.31,1.33
VTRS,1988-11-15,1.31,1.37,1.31,1.35
VTRS,1988-11-16,1.35,1.37,1.3,1.31
VTRS,1988-11-17,1.31,1.33,1.3,1.33
VTRS,1988-11-18,1.33,1.33,1.3,1.31
VTRS,1988-11-21,1.31,1.31,1.28,1.3
VTRS,1988-11-22,1.28,1.3,1.26,1.26
VTRS,1988-11-23,1.28,1.28,1.24,1.26
VTRS,1988-11-25,1.26,1.28,1.24,1.24
VTRS,1988-11-28,1.24,1.26,1.2,1.2
VTRS,1988-11-29,1.2,1.24,1.2,1.2
VTRS,1988-11-30,1.22,1.26,1.2,1.24
VTRS,1988-12-01,1.22,1.26,1.22,1.22
VTRS,1988-12-02,1.24,1.24,1.2,1.22
VTRS,1988-12-05,1.22,1.24,1.2,1.2
VTRS,1988-12-06,1.22,1.26,1.19,1.26
VTRS,1988-12-07,1.24,1.24,1.2,1.24
VTRS,1988-12-08,1.22,1.24,1.2,1.22
VTRS,1988-12-09,1.22,1.24,1.2,1.22
VTRS,1988-12-12,1.22,1.24,1.2,1.2
VTRS,1988-12-13,1.2,1.22,1.2,1.22
VTRS,1988-12-14,1.2,1.22,1.19,1.2
VTRS,1988-12-15,1.19,1.22,1.19,1.2
VTRS,1988-12-16,1.2,1.26,1.2,1.24
VTRS,1988-12-19,1.24,1.33,1.24,1.3
VTRS,1988-12-20,1.31,1.33,1.3,1.3
VTRS,1988-12-21,1.3,1.33,1.28,1.28
VTRS,1988-12-22,1.28,1.31,1.28,1.28
VTRS,1988-12-23,1.26,1.28,1.26,1.26
VTRS,1988-12-27,1.28,1.31,1.26,1.28
VTRS,1988-12-28,1.28,1.3,1.26,1.3
VTRS,1988-12-29,1.28,1.31,1.28,1.3
VTRS,1988-12-30,1.28,1.31,1.26,1.31
VTRS,1989-01-03,1.31,1.33,1.3,1.31
VTRS,1989-01-04,1.31,1.35,1.31,1.33
VTRS,1989-01-05,1.33,1.35,1.28,1.3
VTRS,1989-01-06,1.31,1.33,1.3,1.33
VTRS,1989-01-09,1.31,1.33,1.3,1.31
VTRS,1989-01-10,1.31,1.31,1.3,1.3
VTRS,1989-01-11,1.26,1.28,1.24,1.26
VTRS,1989-01-12,1.28,1.28,1.22,1.26
VTRS,1989-01-13,1.24,1.26,1.22,1.26
VTRS,1989-01-16,1.26,1.3,1.24,1.26
VTRS,1989-01-17,1.26,1.28,1.26,1.28
VTRS,1989-01-18,1.26,1.3,1.26,1.28
VTRS,1989-01-19,1.28,1.33,1.28,1.33
VTRS,1989-01-20,1.31,1.31,1.28,1.3
VTRS,1989-01-23,1.28,1.31,1.28,1.3
VTRS,1989-01-24,1.3,1.35,1.3,1.3
VTRS,1989-01-25,1.3,1.31,1.3,1.3
VTRS,1989-01-26,1.3,1.3,1.28,1.28
VTRS,1989-01-27,1.28,1.3,1.24,1.28
VTRS,1989-01-30,1.26,1.28,1.24,1.28
VTRS,1989-01-31,1.26,1.28,1.26,1.26
VTRS,1989-02-01,1.26,1.28,1.24,1.28
VTRS,1989-02-02,1.24,1.26,1.2,1.24
VTRS,1989-02-03,1.22,1.24,1.19,1.19
VTRS,1989-02-06,1.19,1.24,1.17,1.17
VTRS,1989-02-07,1.17,1.22,1.17,1.17
VTRS,1989-02-08,1.19,1.22,1.17,1.2
VTRS,1989-02-09,1.2,1.22,1.19,1.19
VTRS,1989-02-10,1.2,1.2,1.17,1.19
VTRS,1989-02-13,1.17,1.19,1.17,1.19
VTRS,1989-02-14,1.19,1.2,1.17,1.19
VTRS,1989-02-15,1.19,1.2,1.15,1.17
VTRS,1989-02-16,1.17,1.2,1.15,1.17
VTRS,1989-02-17,1.19,1.19,1.17,1.17
VTRS,1989-02-21,1.22,1.24,1.2,1.2
VTRS,1989-02-22,1.22,1.22,1.19,1.19
VTRS,1989-02-23,1.2,1.2,1.19,1.2
VTRS,1989-02-24,1.2,1.2,1.17,1.19
VTRS,1989-02-27,1.19,1.19,1.17,1.17
VTRS,1989-02-28,1.17,1.2,1.17,1.19
VTRS,1989-03-01,1.19,1.2,1.17,1.19
VTRS,1989-03-02,1.19,1.19,1.17,1.17
VTRS,1989-03-03,1.17,1.17,1.15,1.15
VTRS,1989-03-06,1.15,1.15,1.11,1.13
VTRS,1989-03-07,1.15,1.19,1.13,1.13
VTRS,1989-03-08,1.13,1.17,1.13,1.15
VTRS,1989-03-09,1.13,1.17,1.11,1.15
VTRS,1989-03-10,1.15,1.17,1.13,1.17
VTRS,1989-03-13,1.17,1.2,1.15,1.19
VTRS,1989-03-14,1.19,1.2,1.17,1.19
VTRS,1989-03-15,1.19,1.2,1.19,1.19
VTRS,1989-03-16,1.19,1.24,1.19,1.24
VTRS,1989-03-17,1.22,1.22,1.19,1.2
VTRS,1989-03-20,1.2,1.2,1.17,1.19
VTRS,1989-03-21,1.19,1.2,1.17,1.19
VTRS,1989-03-22,1.17,1.2,1.17,1.19
VTRS,1989-03-23,1.19,1.24,1.19,1.22
VTRS,1989-03-27,1.24,1.31,1.22,1.26
VTRS,1989-03-28,1.26,1.28,1.24,1.24
VTRS,1989-03-29,1.24,1.26,1.22,1.22
VTRS,1989-03-30,1.24,1.26,1.22,1.26
VTRS,1989-03-31,1.24,1.26,1.24,1.26
VTRS,1989-04-03,1.24,1.28,1.24,1.28
VTRS,1989-04-04,1.28,1.28,1.26,1.26
VTRS,1989-04-05,1.26,1.31,1.26,1.31
VTRS,1989-04-06,1.33,1.37,1.31,1.35
VTRS,1989-04-07,1.33,1.37,1.31,1.33
VTRS,1989-04-10,1.33,1.33,1.3,1.3
VTRS,1989-04-11,1.3,1.31,1.26,1.3
VTRS,1989-04-12,1.26,1.28,1.24,1.26
VTRS,1989-04-13,1.26,1.28,1.2,1.2
VTRS,1989-04-14,1.22,1.26,1.2,1.26
VTRS,1989-04-17,1.26,1.28,1.24,1.26
VTRS,1989-04-18,1.26,1.3,1.26,1.28
VTRS,1989-04-19,1.28,1.3,1.28,1.28
VTRS,1989-04-20,1.28,1.31,1.28,1.28
VTRS,1989-04-21,1.28,1.31,1.28,1.31
VTRS,1989-04-24,1.31,1.33,1.28,1.3
VTRS,1989-04-25,1.3,1.31,1.26,1.31
VTRS,1989-04-26,1.31,1.33,1.28,1.28
VTRS,1989-04-27,1.3,1.31,1.24,1.28
VTRS,1989-04-28,1.26,1.28,1.24,1.24
VTRS,1989-05-01,1.24,1.24,1.22,1.24
VTRS,1989-05-02,1.22,1.24,1.22,1.22
VTRS,1989-05-03,1.22,1.24,1.2,1.2
VTRS,1989-05-04,1.22,1.24,1.2,1.22
VTRS,1989-05-05,1.24,1.26,1.22,1.24
VTRS,1989-05-08,1.24,1.26,1.24,1.24
VTRS,1989-05-09,1.24,1.26,1.22,1.24
VTRS,1989-05-10,1.24,1.28,1.22,1.26
VTRS,1989-05-11,1.26,1.28,1.26,1.28
VTRS,1989-05-12,1.3,1.35,1.3,1.33
VTRS,1989-05-15,1.33,1.39,1.31,1.39
VTRS,1989-05-16,1.37,1.41,1.37,1.39
VTRS,1989-05-17,1.39,1.39,1.37,1.39
VTRS,1989-05-18,1.37,1.46,1.37,1.44
VTRS,1989-05-19,1.43,1.46,1.43,1.44
VTRS,1989-05-22,1.46,1.46,1.39,1.43
VTRS,1989-05-23,1.41,1.43,1.39,1.41
VTRS,1989-05-24,1.41,1.46,1.41,1.43
VTRS,1989-05-25,1.43,1.46,1.43,1.44
VTRS,1989-05-26,1.43,1.48,1.43,1.48
VTRS,1989-05-30,1.46,1.48,1.44,1.46
VTRS,1989-05-31,1.46,1.48,1.44,1.46
VTRS,1989-06-01,1.46,1.48,1.44,1.46
VTRS,1989-06-02,1.46,1.48,1.46,1.48
VTRS,1989-06-05,1.46,1.48,1.44,1.46
VTRS,1989-06-06,1.44,1.48,1.44,1.46
VTRS,1989-06-07,1.48,1.52,1.46,1.52
VTRS,1989-06-08,1.52,1.52,1.48,1.5
VTRS,1989-06-09,1.52,1.57,1.5,1.54
VTRS,1989-06-12,1.56,1.56,1.54,1.56
VTRS,1989-06-13,1.56,1.56,1.54,1.56
VTRS,1989-06-14,1.54,1.56,1.52,1.52
VTRS,1989-06-15,1.52,1.54,1.52,1.52
VTRS,1989-06-16,1.52,1.56,1.52,1.56
VTRS,1989-06-19,1.54,1.56,1.54,1.56
VTRS,1989-06-20,1.54,1.56,1.54,1.56
VTRS,1989-06-21,1.54,1.57,1.54,1.56
VTRS,1989-06-22,1.56,1.59,1.56,1.56
VTRS,1989-06-23,1.56,1.57,1.54,1.56
VTRS,1989-06-26,1.54,1.57,1.54,1.56
VTRS,1989-06-27,1.56,1.57,1.56,1.56
VTRS,1989-06-28,1.56,1.57,1.54,1.56
VTRS,1989-06-29,1.54,1.56,1.5,1.52
VTRS,1989-06-30,1.5,1.52,1.46,1.52
VTRS,1989-07-03,1.5,1.52,1.5,1.5
VTRS,1989-07-05,1.5,1.52,1.5,1.52
VTRS,1989-07-06,1.54,1.54,1.52,1.54
VTRS,1989-07-07,1.52,1.54,1.5,1.54
VTRS,1989-07-10,1.52,1.54,1.5,1.5
VTRS,1989-07-11,1.5,1.52,1.48,1.48
VTRS,1989-07-12,1.48,1.54,1.46,1.52
VTRS,1989-07-13,1.54,1.54,1.5,1.52
VTRS,1989-07-14,1.52,1.52,1.5,1.5
VTRS,1989-07-17,1.52,1.52,1.48,1.52
VTRS,1989-07-18,1.52,1.52,1.48,1.48
VTRS,1989-07-19,1.48,1.5,1.46,1.5
VTRS,1989-07-20,1.5,1.5,1.46,1.46
VTRS,1989-07-21,1.46,1.5,1.46,1.48
VTRS,1989-07-24,1.48,1.54,1.48,1.48
VTRS,1989-07-25,1.48,1.5,1.48,1.48
VTRS,1989-07-26,1.48,1.48,1.39,1.41
VTRS,1989-07-27,1.41,1.46,1.41,1.44
VTRS,1989-07-28,1.46,1.46,1.41,1.43
VTRS,1989-07-31,1.44,1.46,1.41,1.41
VTRS,1989-08-01,1.43,1.43,1.41,1.41
VTRS,1989-08-02,1.41,1.44,1.41,1.43
VTRS,1989-08-03,1.44,1.44,1.39,1.41
VTRS,1989-08-04,1.43,1.56,1.39,1.56
VTRS,1989-08-07,1.54,1.56,1.5,1.5
VTRS,1989-08-08,1.5,1.52,1.46,1.52
VTRS,1989-08-09,1.5,1.56,1.46,1.46
VTRS,1989-08-10,1.46,1.46,1.44,1.46
VTRS,1989-08-11,1.46,1.48,1.44,1.46
VTRS,1989-08-14,1.44,1.46,1.43,1.46
VTRS,1989-08-15,1.44,1.5,1.44,1.46
VTRS,1989-08-16,1.46,1.5,1.46,1.5
VTRS,1989-08-17,1.5,1.54,1.46,1.52
VTRS,1989-08-18,1.52,1.54,1.46,1.48
VTRS,1989-08-21,1.5,1.5,1.44,1.48
VTRS,1989-08-22,1.48,1.5,1.46,1.48
VTRS,1989-08-23,1.48,1.5,1.46,1.46
VTRS,1989-08-24,1.48,1.57,1.44,1.56
VTRS,1989-08-25,1.57,1.83,1.57,1.78
VTRS,1989-08-28,1.8,2.07,1.76,2.06
VTRS,1989-08-29,2.15,2.2,1.94,1.98
VTRS,1989-08-30,2.07,2.13,2.02,2.04
VTRS,1989-08-31,2.07,2.17,2.07,2.15
VTRS,1989-09-01,2.15,2.28,2.13,2.26
VTRS,1989-09-05,2.24,2.28,2.19,2.2
VTRS,1989-09-06,2.19,2.22,2.11,2.2
VTRS,1989-09-07,2.22,2.22,2.15,2.17
VTRS,1989-09-08,2.17,2.2,2.13,2.13
VTRS,1989-09-11,2.19,2.19,2.15,2.15
VTRS,1989-09-12,2.11,2.15,2.06,2.15
VTRS,1989-09-13,2.13,2.31,2.11,2.26
VTRS,1989-09-14,2.3,2.31,2.22,2.24
VTRS,1989-09-15,2.24,2.26,2.17,2.17
VTRS,1989-09-18,2.19,2.19,2.15,2.15
VTRS,1989-09-19,2.15,2.17,2.13,2.15
VTRS,1989-09-20,2.17,2.2,2.15,2.19
VTRS,1989-09-21,2.22,2.24,2.19,2.19
VTRS,1989-09-22,2.2,2.22,2.15,2.2
VTRS,1989-09-25,2.19,2.22,2.17,2.2
VTRS,1989-09-26,2.17,2.26,2.17,2.2
VTRS,1989-09-27,2.19,2.26,2.19,2.26
VTRS,1989-09-28,2.3,2.52,2.3,2.44
VTRS,1989-09-29,2.52,2.61,2.46,2.56
VTRS,1989-10-02,2.56,2.83,2.48,2.7
VTRS,1989-10-03,2.74,2.85,2.7,2.74
VTRS,1989-10-04,2.8,2.8,2.65,2.7
VTRS,1989-10-05,2.72,2.78,2.57,2.7
VTRS,1989-10-06,2.7,2.8,2.69,2.76
VTRS,1989-10-09,2.76,2.89,2.74,2.85
VTRS,1989-10-10,2.94,3.06,2.89,3.0
VTRS,1989-10-11,3.0,3.02,2.87,2.94
VTRS,1989-10-12,2.91,3.09,2.89,3.04
VTRS,1989-10-13,3.0,3.04,2.56,2.63
VTRS,1989-10-16,2.52,2.78,2.48,2.74
VTRS,1989-10-17,2.74,2.94,2.7,2.85
VTRS,1989-10-18,2.85,3.07,2.83,3.04
VTRS,1989-10-19,3.07,3.09,2.87,3.04
VTRS,1989-10-20,3.04,3.04,2.8,2.89
VTRS,1989-10-23,2.89,2.89,2.78,2.87
VTRS,1989-10-24,2.83,2.83,2.67,2.8
VTRS,1989-10-25,2.83,2.85,2.74,2.8
VTRS,1989-10-26,2.81,2.81,2.74,2.78
VTRS,1989-10-27,2.76,2.8,2.54,2.56
VTRS,1989-10-30,2.56,2.69,2.54,2.57
VTRS,1989-10-31,2.57,2.78,2.57,2.7
VTRS,1989-11-01,2.74,3.0,2.72,2.96
VTRS,1989-11-02,2.96,3.02,2.93,2.94
VTRS,1989-11-03,2.93,3.11,2.89,3.07
VTRS,1989-11-06,3.06,3.09,2.93,2.96
VTRS,1989-11-07,2.94,3.0,2.91,2.98
VTRS,1989-11-08,2.98,3.3,2.96,3.3
VTRS,1989-11-09,3.37,3.5,3.19,3.22
VTRS,1989-11-10,3.24,3.39,3.22,3.35
VTRS,1989-11-13,3.37,3.37,3.24,3.3
VTRS,1989-11-14,3.28,3.35,3.22,3.35
VTRS,1989-11-15,3.56,3.63,3.5,3.57
VTRS,1989-11-16,3.67,3.67,3.43,3.5
VTRS,1989-11-17,3.46,3.46,3.33,3.37
VTRS,1989-11-20,3.41,3.46,3.31,3.35
VTRS,1989-11-21,3.33,3.33,3.17,3.31
VTRS,1989-11-22,3.28,3.43,3.24,3.41
VTRS,1989-11-24,3.43,3.5,3.41,3.41
VTRS,1989-11-27,3.37,3.43,3.33,3.37
VTRS,1989-11-28,3.37,3.39,3.26,3.3
VTRS,1989-11-29,3.28,3.31,3.2,3.2
VTRS,1989-11-30,3.2,3.26,3.13,3.26
VTRS,1989-12-01,3.26,3.33,3.13,3.3
VTRS,1989-12-04,3.3,3.39,3.26,3.37
VTRS,1989-12-05,3.39,3.39,3.31,3.35
VTRS,1989-12-06,3.35,3.39,3.31,3.35
VTRS,1989-12-07,3.37,3.54,3.37,3.48
VTRS,1989-12-08,3.46,3.61,3.44,3.56
VTRS,1989-12-11,3.52,3.72,3.5,3.7
VTRS,1989-12-12,3.72,3.76,3.61,3.61
VTRS,1989-12-13,3.57,3.72,3.57,3.65
VTRS,1989-12-14,3.63,3.67,3.59,3.59
VTRS,1989-12-15,3.59,3.59,3.41,3.43
VTRS,1989-12-18,3.48,3.48,3.17,3.26
VTRS,1989-12-19,3.22,3.31,3.2,3.3
VTRS,1989-12-20,3.24,3.44,3.24,3.41
VTRS,1989-12-21,3.39,3.59,3.37,3.54
VTRS,1989-12-22,3.56,3.65,3.5,3.59
VTRS,1989-12-26,3.56,3.59,3.52,3.57
VTRS,1989-12-27,3.57,3.57,3.52,3.56
VTRS,1989-12-28,3.56,3.56,3.41,3.48
VTRS,1989-12-29,3.44,3.59,3.37,3.59
VTRS,1990-01-02,3.59,3.59,3.48,3.52
VTRS,1990-01-03,3.48,3.52,3.37,3.39
VTRS,1990-01-04,3.37,3.39,3.19,3.35
VTRS,1990-01-05,3.28,3.35,3.26,3.35
VTRS,1990-01-08,3.31,3.41,3.28,3.39
VTRS,1990-01-09,3.37,3.43,3.35,3.37
VTRS,1990-01-10,3.33,3.39,3.28,3.39
VTRS,1990-01-11,3.37,3.41,3.33,3.35
VTRS,1990-01-12,3.3,3.3,3.15,3.2
VTRS,1990-01-15,3.19,3.2,3.02,3.06
VTRS,1990-01-16,2.91,3.06,2.87,3.06
VTRS,1990-01-17,3.09,3.19,3.07,3.09
VTRS,1990-01-18,3.02,3.11,3.02,3.07
VTRS,1990-01-19,3.11,3.17,3.04,3.04
VTRS,1990-01-22,3.0,3.06,2.78,2.81
VTRS,1990-01-23,2.85,3.0,2.83,2.93
VTRS,1990-01-24,2.78,3.3,2.76,3.3
VTRS,1990-01-25,3.41,3.44,3.13,3.15
VTRS,1990-01-26,3.15,3.24,3.07,3.17
VTRS,1990-01-29,3.15,3.22,3.13,3.15
VTRS,1990-01-30,3.15,3.2,3.04,3.04
VTRS,1990-01-31,3.04,3.09,2.89,3.0
VTRS,1990-02-01,3.04,3.07,2.93,2.94
VTRS,1990-02-02,2.96,3.06,2.94,2.96
VTRS,1990-02-05,2.96,3.0,2.94,2.96
VTRS,1990-02-06,3.0,3.0,2.94,2.94
VTRS,1990-02-07,2.93,2.96,2.91,2.94
VTRS,1990-02-08,2.96,3.2,2.94,3.19
VTRS,1990-02-09,3.19,3.3,3.11,3.22
VTRS,1990-02-12,3.26,3.28,3.19,3.24
VTRS,1990-02-13,3.31,3.35,3.17,3.2
VTRS,1990-02-14,3.17,3.2,3.06,3.07
VTRS,1990-02-15,3.07,3.22,3.02,3.22
VTRS,1990-02-16,3.24,3.26,3.15,3.15
VTRS,1990-02-20,3.11,3.11,3.04,3.09
VTRS,1990-02-21,3.04,3.11,3.0,3.09
VTRS,1990-02-22,3.11,3.24,3.11,3.15
VTRS,1990-02-23,3.09,3.15,3.06,3.11
VTRS,1990-02-26,3.07,3.15,3.07,3.11
VTRS,1990-02-27,3.11,3.19,3.09,3.15
VTRS,1990-02-28,3.13,3.3,3.13,3.3
VTRS,1990-03-01,3.26,3.3,3.2,3.24
VTRS,1990-03-02,3.26,3.33,3.22,3.26
VTRS,1990-03-05,3.17,3.19,3.06,3.09
VTRS,1990-03-06,3.02,3.04,2.93,2.98
VTRS,1990-03-07,3.02,3.04,2.96,2.98
VTRS,1990-03-08,3.0,3.17,2.96,3.15
VTRS,1990-03-09,3.11,3.24,3.09,3.24
VTRS,1990-03-12,3.24,3.24,3.15,3.2
VTRS,1990-03-13,3.2,3.24,3.17,3.19
VTRS,1990-03-14,3.2,3.22,3.17,3.2
VTRS,1990-03-15,3.22,3.22,3.13,3.13
VTRS,1990-03-16,3.13,3.2,3.13,3.17
VTRS,1990-03-19,3.17,3.2,3.15,3.2
VTRS,1990-03-20,3.2,3.24,3.11,3.11
VTRS,1990-03-21,3.11,3.11,3.02,3.02
VTRS,1990-03-22,3.02,3.02,2.89,2.93
VTRS,1990-03-23,2.93,3.06,2.93,3.0
VTRS,1990-03-26,3.0,3.04,2.98,3.02
VTRS,1990-03-27,3.04,3.06,2.94,2.96
VTRS,1990-03-28,2.98,3.04,2.94,2.96
VTRS,1990-03-29,2.96,3.02,2.96,2.96
VTRS,1990-03-30,2.96,3.0,2.93,2.93
VTRS,1990-04-02,2.89,2.94,2.87,2.94
VTRS,1990-04-03,2.93,3.15,2.93,3.07
VTRS,1990-04-04,3.07,3.22,3.07,3.19
VTRS,1990-04-05,3.15,3.28,3.15,3.28
VTRS,1990-04-06,3.3,3.31,3.24,3.24
VTRS,1990-04-09,3.26,3.39,3.24,3.35
VTRS,1990-04-10,3.41,3.48,3.41,3.44
VTRS,1990-04-11,3.44,3.54,3.43,3.44
VTRS,1990-04-12,3.26,3.31,3.19,3.26
VTRS,1990-04-16,3.19,3.28,3.19,3.24
VTRS,1990-04-17,3.2,3.2,3.15,3.19
VTRS,1990-04-18,3.2,3.2,3.07,3.11
VTRS,1990-04-19,3.06,3.11,3.06,3.06
VTRS,1990-04-20,3.07,3.09,2.98,3.04
VTRS,1990-04-23,2.98,3.04,2.93,3.04
VTRS,1990-04-24,3.0,3.22,3.0,3.19
VTRS,1990-04-25,3.19,3.31,3.19,3.26
VTRS,1990-04-26,3.28,3.37,3.17,3.19
VTRS,1990-04-27,3.15,3.15,3.04,3.04
VTRS,1990-04-30,3.0,3.17,3.0,3.15
VTRS,1990-05-01,3.15,3.24,3.15,3.19
VTRS,1990-05-02,3.19,3.2,3.15,3.2
VTRS,1990-05-03,3.22,3.22,3.15,3.17
VTRS,1990-05-04,3.19,3.28,3.15,3.26
VTRS,1990-05-07,3.26,3.31,3.24,3.3
VTRS,1990-05-08,3.28,3.35,3.28,3.31
VTRS,1990-05-09,3.33,3.39,3.33,3.33
VTRS,1990-05-10,3.33,3.44,3.33,3.44
VTRS,1990-05-11,3.43,3.56,3.43,3.54
VTRS,1990-05-14,3.52,3.54,3.35,3.35
VTRS,1990-05-15,3.31,3.43,3.31,3.37
VTRS,1990-05-16,3.37,3.39,3.33,3.35
VTRS,1990-05-17,3.37,3.46,3.33,3.44
VTRS,1990-05-18,3.46,3.5,3.39,3.41
VTRS,1990-05-21,3.41,3.63,3.41,3.63
VTRS,1990-05-22,3.63,3.67,3.52,3.54
VTRS,1990-05-23,3.56,3.61,3.54,3.61
VTRS,1990-05-24,3.63,3.67,3.5,3.54
VTRS,1990-05-25,3.56,3.56,3.39,3.39
VTRS,1990-05-29,3.37,3.52,3.37,3.5
VTRS,1990-05-30,3.5,3.56,3.26,3.33
VTRS,1990-05-31,3.35,3.37,3.26,3.26
VTRS,1990-06-01,3.3,3.35,3.3,3.35
VTRS,1990-06-04,3.33,3.46,3.33,3.39
VTRS,1990-06-05,3.41,3.5,3.35,3.48
VTRS,1990-06-06,3.44,3.44,3.35,3.37
VTRS,1990-06-07,3.35,3.43,3.26,3.3
VTRS,1990-06-08,3.33,3.33,3.19,3.24
VTRS,1990-06-11,3.26,3.33,3.24,3.3
VTRS,1990-06-12,3.31,3.33,3.2,3.2
VTRS,1990-06-13,3.2,3.46,3.17,3.35
VTRS,1990-06-14,3.31,3.46,3.3,3.44
VTRS,1990-06-15,3.41,3.44,3.35,3.35
VTRS,1990-06-18,3.37,3.39,3.26,3.3
VTRS,1990-06-19,3.31,3.35,3.3,3.33
VTRS,1990-06-20,3.33,3.39,3.28,3.3
VTRS,1990-06-21,3.33,3.39,3.31,3.39
VTRS,1990-06-22,3.39,3.43,3.35,3.37
VTRS,1990-06-25,3.35,3.41,3.33,3.35
VTRS,1990-06-26,3.39,3.41,3.35,3.37
VTRS,1990-06-27,3.41,3.43,3.37,3.41
VTRS,1990-06-28,3.43,3.48,3.37,3.48
VTRS,1990-06-29,3.5,3.61,3.48,3.48
VTRS,1990-07-02,3.52,3.57,3.48,3.57
VTRS,1990-07-03,3.5,3.52,3.35,3.41
VTRS,1990-07-05,3.43,3.43,3.35,3.41
VTRS,1990-07-06,3.43,3.44,3.41,3.43
VTRS,1990-07-09,3.43,3.43,3.33,3.37
VTRS,1990-07-10,3.37,3.43,3.33,3.35
VTRS,1990-07-11,3.35,3.35,3.31,3.35
VTRS,1990-07-12,3.35,3.43,3.31,3.43
VTRS,1990-07-13,3.43,3.43,3.37,3.41
VTRS,1990-07-16,3.41,3.41,3.33,3.35
VTRS,1990-07-17,3.35,3.35,3.26,3.31
VTRS,1990-07-18,3.28,3.33,3.28,3.31
VTRS,1990-07-19,3.33,3.44,3.31,3.43
VTRS,1990-07-20,3.43,3.46,3.41,3.44
VTRS,1990-07-23,3.41,3.43,3.33,3.43
VTRS,1990-07-24,3.44,3.46,3.28,3.3
VTRS,1990-07-25,3.31,3.39,3.3,3.37
VTRS,1990-07-26,3.33,3.35,3.17,3.19
VTRS,1990-07-27,3.15,3.15,2.78,2.81
VTRS,1990-07-30,2.83,2.89,2.78,2.89
VTRS,1990-07-31,2.89,3.04,2.87,3.0
VTRS,1990-08-01,3.0,3.06,2.91,2.93
VTRS,1990-08-02,2.91,2.91,2.83,2.89
VTRS,1990-08-03,2.87,2.89,2.63,2.87
VTRS,1990-08-06,2.72,2.72,2.52,2.65
VTRS,1990-08-07,2.67,2.78,2.65,2.65
VTRS,1990-08-08,2.67,2.8,2.67,2.76
VTRS,1990-08-09,2.78,2.8,2.74,2.74
VTRS,1990-08-10,2.76,2.76,2.69,2.72
VTRS,1990-08-13,2.7,2.8,2.7,2.76
VTRS,1990-08-14,2.78,2.8,2.74,2.76
VTRS,1990-08-15,2.78,2.8,2.67,2.7
VTRS,1990-08-16,2.67,2.67,2.5,2.52
VTRS,1990-08-17,2.48,2.5,2.41,2.46
VTRS,1990-08-20,2.46,2.57,2.44,2.5
VTRS,1990-08-21,2.41,2.41,2.3,2.37
VTRS,1990-08-22,2.35,2.41,2.28,2.28
VTRS,1990-08-23,2.07,2.24,2.04,2.17
VTRS,1990-08-24,2.37,2.44,2.31,2.43
VTRS,1990-08-27,2.56,2.57,2.5,2.52
VTRS,1990-08-28,2.52,2.56,2.5,2.52
VTRS,1990-08-29,2.48,2.54,2.46,2.5
VTRS,1990-08-30,2.5,2.52,2.43,2.48
VTRS,1990-08-31,2.5,2.56,2.44,2.54
VTRS,1990-09-04,2.56,2.56,2.44,2.5
VTRS,1990-09-05,2.52,2.74,2.5,2.72
VTRS,1990-09-06,2.72,2.94,2.72,2.83
VTRS,1990-09-07,2.83,2.85,2.8,2.85
VTRS,1990-09-10,2.87,2.94,2.83,2.87
VTRS,1990-09-11,2.91,2.91,2.85,2.85
VTRS,1990-09-12,2.81,2.83,2.72,2.76
VTRS,1990-09-13,2.74,2.78,2.7,2.78
VTRS,1990-09-14,2.76,2.83,2.74,2.81
VTRS,1990-09-17,2.81,2.81,2.72,2.78
VTRS,1990-09-18,2.78,2.87,2.76,2.81
VTRS,1990-09-19,2.83,2.85,2.8,2.8
VTRS,1990-09-20,2.78,2.78,2.7,2.74
VTRS,1990-09-21,2.74,2.81,2.67,2.78
VTRS,1990-09-24,2.74,2.74,2.63,2.69
VTRS,1990-09-25,2.67,2.74,2.63,2.74
VTRS,1990-09-26,2.74,2.74,2.61,2.67
VTRS,1990-09-27,2.67,2.67,2.5,2.5
VTRS,1990-09-28,2.5,2.61,2.46,2.57
VTRS,1990-10-01,2.59,2.7,2.59,2.65
VTRS,1990-10-02,2.69,2.89,2.67,2.83
VTRS,1990-10-03,2.81,2.81,2.76,2.78
VTRS,1990-10-04,2.78,2.8,2.74,2.76
VTRS,1990-10-05,2.69,2.76,2.63,2.72
VTRS,1990-10-08,2.76,2.76,2.7,2.72
VTRS,1990-10-09,2.69,2.72,2.67,2.7
VTRS,1990-10-10,2.67,2.72,2.61,2.65
VTRS,1990-10-11,2.65,2.65,2.52,2.57
VTRS,1990-10-12,2.57,2.65,2.54,2.61
VTRS,1990-10-15,2.65,2.7,2.65,2.69
VTRS,1990-10-16,2.7,2.7,2.59,2.63
VTRS,1990-10-17,2.59,2.63,2.56,2.59
VTRS,1990-10-18,2.59,2.72,2.59,2.72
VTRS,1990-10-19,2.74,2.8,2.74,2.76
VTRS,1990-10-22,2.76,2.78,2.72,2.76
VTRS,1990-10-23,2.76,2.8,2.69,2.8
VTRS,1990-10-24,2.76,2.76,2.67,2.69
VTRS,1990-10-25,2.69,2.69,2.63,2.65
VTRS,1990-10-26,2.61,2.63,2.46,2.46
VTRS,1990-10-29,2.48,2.56,2.39,2.44
VTRS,1990-10-30,2.44,2.48,2.43,2.43
VTRS,1990-10-31,2.44,2.48,2.43,2.43
VTRS,1990-11-01,2.41,2.44,2.39,2.44
VTRS,1990-11-02,2.44,2.48,2.43,2.44
VTRS,1990-11-05,2.43,2.52,2.41,2.52
VTRS,1990-11-06,2.52,2.52,2.44,2.48
VTRS,1990-11-07,2.44,2.46,2.3,2.31
VTRS,1990-11-08,2.31,2.44,2.3,2.41
VTRS,1990-11-09,2.41,2.5,2.33,2.33
VTRS,1990-11-12,2.35,2.59,2.33,2.59
VTRS,1990-11-13,2.59,2.67,2.57,2.63
VTRS,1990-11-14,2.65,2.67,2.56,2.63
VTRS,1990-11-15,2.61,2.65,2.57,2.59
VTRS,1990-11-16,2.61,2.65,2.59,2.63
VTRS,1990-11-19,2.63,2.69,2.61,2.69
VTRS,1990-11-20,2.69,2.7,2.65,2.67
VTRS,1990-11-21,2.67,2.72,2.67,2.7
VTRS,1990-11-23,2.72,2.74,2.7,2.74
VTRS,1990-11-26,2.7,2.74,2.69,2.74
VTRS,1990-11-27,2.81,2.96,2.8,2.96
VTRS,1990-11-28,3.02,3.07,2.91,2.94
VTRS,1990-11-29,2.94,2.94,2.85,2.89
VTRS,1990-11-30,2.83,2.91,2.81,2.91
VTRS,1990-12-03,2.93,3.0,2.91,2.96
VTRS,1990-12-04,2.96,2.96,2.89,2.93
VTRS,1990-12-05,2.93,3.11,2.93,3.06
VTRS,1990-12-06,3.19,3.26,3.04,3.04
VTRS,1990-12-07,3.06,3.11,3.04,3.06
VTRS,1990-12-10,3.07,3.2,3.06,3.13
VTRS,1990-12-11,3.15,3.15,3.0,3.11
VTRS,1990-12-12,3.11,3.13,3.02,3.04
VTRS,1990-12-13,3.07,3.11,3.02,3.06
VTRS,1990-12-14,3.04,3.04,2.89,2.93
VTRS,1990-12-17,2.89,2.93,2.85,2.89
VTRS,1990-12-18,2.91,2.93,2.89,2.93
VTRS,1990-12-19,2.93,2.96,2.87,2.89
VTRS,1990-12-20,2.89,2.93,2.87,2.91
VTRS,1990-12-21,2.91,3.0,2.89,2.94
VTRS,1990-12-24,2.93,2.96,2.93,2.93
VTRS,1990-12-26,2.93,2.96,2.91,2.96
VTRS,1990-12-27,2.94,3.04,2.93,3.02
VTRS,1990-12-28,3.0,3.04,2.98,2.98
VTRS,1990-12-31,3.02,3.11,3.0,3.06
VTRS,1991-01-02,3.04,3.06,2.93,2.94
VTRS,1991-01-03,2.94,2.94,2.78,2.8
VTRS,1991-01-04,2.7,2.72,2.59,2.65
VTRS,1991-01-07,2.63,2.67,2.59,2.61
VTRS,1991-01-08,2.61,2.67,2.59,2.59
VTRS,1991-01-09,2.63,2.69,2.54,2.54
VTRS,1991-01-10,2.57,2.65,2.56,2.65
VTRS,1991-01-11,2.63,2.65,2.59,2.63
VTRS,1991-01-14,2.61,2.63,2.56,2.57
VTRS,1991-01-15,2.56,2.59,2.54,2.59
VTRS,1991-01-16,2.59,2.72,2.56,2.72
VTRS,1991-01-17,2.96,2.96,2.78,2.81
VTRS,1991-01-18,2.78,2.94,2.76,2.93
VTRS,1991-01-21,2.89,2.91,2.85,2.89
VTRS,1991-01-22,2.85,2.85,2.7,2.78
VTRS,1991-01-23,2.78,2.81,2.74,2.8
VTRS,1991-01-24,2.78,2.8,2.76,2.78
VTRS,1991-01-25,2.76,2.81,2.59,2.8
VTRS,1991-01-28,2.76,2.83,2.74,2.74
VTRS,1991-01-29,2.74,2.76,2.65,2.69
VTRS,1991-01-30,2.67,2.74,2.65,2.74
VTRS,1991-01-31,2.78,2.96,2.76,2.96
VTRS,1991-02-01,2.96,3.0,2.91,2.91
VTRS,1991-02-04,2.91,3.09,2.91,3.07
VTRS,1991-02-05,3.11,3.19,3.07,3.15
VTRS,1991-02-06,3.11,3.3,3.04,3.26
VTRS,1991-02-07,3.33,3.35,3.11,3.15
VTRS,1991-02-08,3.15,3.26,3.15,3.22
VTRS,1991-02-11,3.33,3.43,3.31,3.39
VTRS,1991-02-12,3.33,3.37,3.31,3.33
VTRS,1991-02-13,3.37,3.41,3.33,3.39
VTRS,1991-02-14,3.41,3.41,3.22,3.28
VTRS,1991-02-15,3.3,3.33,3.26,3.31
VTRS,1991-02-19,3.26,3.31,3.22,3.3
VTRS,1991-02-20,3.31,3.31,3.13,3.13
VTRS,1991-02-21,3.15,3.26,3.13,3.22
VTRS,1991-02-22,3.24,3.28,3.19,3.2
VTRS,1991-02-25,3.24,3.3,3.19,3.22
VTRS,1991-02-26,3.19,3.33,3.15,3.33
VTRS,1991-02-27,3.35,3.46,3.35,3.41
VTRS,1991-02-28,3.44,3.46,3.3,3.33
VTRS,1991-03-01,3.3,3.39,3.22,3.35
VTRS,1991-03-04,3.35,3.39,3.3,3.35
VTRS,1991-03-05,3.37,3.54,3.35,3.54
VTRS,1991-03-06,3.56,3.56,3.44,3.44
VTRS,1991-03-07,3.48,3.5,3.44,3.5
VTRS,1991-03-08,3.52,3.57,3.46,3.56
VTRS,1991-03-11,3.54,3.65,3.52,3.65
VTRS,1991-03-12,3.61,3.67,3.44,3.52
VTRS,1991-03-13,3.5,3.56,3.5,3.54
VTRS,1991-03-14,3.54,3.56,3.48,3.52
VTRS,1991-03-15,3.5,3.61,3.5,3.57
VTRS,1991-03-18,3.57,3.61,3.56,3.56
VTRS,1991-03-19,3.56,3.56,3.46,3.54
VTRS,1991-03-20,3.5,3.61,3.5,3.59
VTRS,1991-03-21,3.63,3.74,3.63,3.69
VTRS,1991-03-22,3.67,3.98,3.67,3.96
VTRS,1991-03-25,3.91,3.94,3.81,3.91
VTRS,1991-03-26,3.93,3.93,3.8,3.83
VTRS,1991-03-27,3.87,3.96,3.87,3.91
VTRS,1991-03-28,3.93,3.98,3.91,3.98
VTRS,1991-04-01,3.93,3.98,3.89,3.96
VTRS,1991-04-02,4.0,4.11,3.98,4.07
VTRS,1991-04-03,4.11,4.15,4.07,4.11
VTRS,1991-04-04,4.09,4.13,3.93,3.93
VTRS,1991-04-05,3.93,3.93,3.78,3.78
VTRS,1991-04-08,3.83,4.0,3.83,4.0
VTRS,1991-04-09,4.02,4.11,3.93,3.94
VTRS,1991-04-10,3.94,3.94,3.69,3.7
VTRS,1991-04-11,3.74,3.87,3.74,3.87
VTRS,1991-04-12,3.93,3.96,3.78,3.91
VTRS,1991-04-15,3.94,4.02,3.93,3.96
VTRS,1991-04-16,3.83,4.0,3.83,3.96
VTRS,1991-04-17,3.96,3.98,3.91,3.96
VTRS,1991-04-18,3.93,3.94,3.76,3.78
VTRS,1991-04-19,3.78,3.78,3.67,3.69
VTRS,1991-04-22,3.67,3.69,3.54,3.63
VTRS,1991-04-23,3.67,3.87,3.67,3.85
VTRS,1991-04-24,3.87,3.93,3.81,3.85
VTRS,1991-04-25,3.85,3.87,3.67,3.69
VTRS,1991-04-26,3.5,3.65,3.41,3.63
VTRS,1991-04-29,3.65,3.7,3.63,3.65
VTRS,1991-04-30,3.61,3.61,3.48,3.54
VTRS,1991-05-01,3.5,3.54,3.43,3.46
VTRS,1991-05-02,3.44,3.57,3.41,3.56
VTRS,1991-05-03,3.52,3.54,3.48,3.52
VTRS,1991-05-06,3.54,3.54,3.44,3.46
VTRS,1991-05-07,3.5,3.59,3.48,3.57
VTRS,1991-05-08,3.57,3.61,3.56,3.59
VTRS,1991-05-09,3.57,3.59,3.54,3.59
VTRS,1991-05-10,3.52,3.54,3.5,3.5
VTRS,1991-05-13,3.54,3.69,3.52,3.63
VTRS,1991-05-14,3.67,3.67,3.56,3.59
VTRS,1991-05-15,3.52,3.52,3.46,3.48
VTRS,1991-05-16,3.5,3.5,3.43,3.46
VTRS,1991-05-17,3.48,3.5,3.43,3.43
VTRS,1991-05-20,3.41,3.52,3.35,3.35
VTRS,1991-05-21,3.31,3.39,3.26,3.37
VTRS,1991-05-22,3.41,3.48,3.41,3.46
VTRS,1991-05-23,3.48,3.61,3.48,3.57
VTRS,1991-05-24,3.59,3.61,3.54,3.54
VTRS,1991-05-28,3.52,3.54,3.46,3.52
VTRS,1991-05-29,3.52,3.59,3.48,3.56
VTRS,1991-05-30,3.56,3.63,3.52,3.56
VTRS,1991-05-31,3.59,3.61,3.54,3.56
VTRS,1991-06-03,3.59,3.63,3.59,3.59
VTRS,1991-06-04,3.59,3.69,3.57,3.69
VTRS,1991-06-05,3.67,3.94,3.65,3.89
VTRS,1991-06-06,3.87,3.87,3.74,3.81
VTRS,1991-06-07,3.8,3.81,3.65,3.74
VTRS,1991-06-10,3.7,3.89,3.69,3.76
VTRS,1991-06-11,3.8,3.85,3.72,3.8
VTRS,1991-06-12,3.8,3.8,3.72,3.8
VTRS,1991-06-13,3.78,3.83,3.74,3.8
VTRS,1991-06-14,3.8,3.85,3.8,3.81
VTRS,1991-06-17,3.8,3.83,3.78,3.78
VTRS,1991-06-18,3.8,3.83,3.7,3.74
VTRS,1991-06-19,3.78,3.85,3.74,3.8
VTRS,1991-06-20,3.76,3.89,3.76,3.87
VTRS,1991-06-21,3.89,3.93,3.85,3.89
VTRS,1991-06-24,3.87,3.87,3.7,3.74
VTRS,1991-06-25,3.78,3.81,3.74,3.76
VTRS,1991-06-26,3.8,3.8,3.65,3.67
VTRS,1991-06-27,3.63,3.8,3.63,3.72
VTRS,1991-06-28,3.69,3.69,3.57,3.59
VTRS,1991-07-01,3.59,3.63,3.56,3.56
VTRS,1991-07-02,3.56,3.56,3.46,3.48
VTRS,1991-07-03,3.5,3.52,3.46,3.46
VTRS,1991-07-05,3.46,3.48,3.46,3.48
VTRS,1991-07-08,3.46,3.48,3.44,3.46
VTRS,1991-07-09,3.48,3.59,3.48,3.59
VTRS,1991-07-10,3.59,3.61,3.56,3.57
VTRS,1991-07-11,3.57,3.59,3.56,3.59
VTRS,1991-07-12,3.63,3.72,3.61,3.67
VTRS,1991-07-15,3.69,3.7,3.61,3.67
VTRS,1991-07-16,3.67,3.67,3.63,3.63
VTRS,1991-07-17,3.67,3.7,3.63,3.69
VTRS,1991-07-18,3.67,3.74,3.67,3.72
VTRS,1991-07-19,3.7,3.72,3.65,3.67
VTRS,1991-07-22,3.69,3.69,3.61,3.63
VTRS,1991-07-23,3.63,3.74,3.63,3.65
VTRS,1991-07-24,3.67,3.69,3.61,3.69
VTRS,1991-07-25,3.7,3.7,3.65,3.67
VTRS,1991-07-26,3.69,3.69,3.61,3.61
VTRS,1991-07-29,3.57,3.7,3.56,3.67
VTRS,1991-07-30,3.69,3.74,3.65,3.69
VTRS,1991-07-31,3.7,3.7,3.65,3.69
VTRS,1991-08-01,3.69,3.74,3.67,3.7
VTRS,1991-08-02,3.7,3.85,3.69,3.83
VTRS,1991-08-05,3.83,3.83,3.8,3.81
VTRS,1991-08-06,3.81,3.85,3.8,3.81
VTRS,1991-08-07,3.8,3.83,3.74,3.81
VTRS,1991-08-08,3.81,3.83,3.74,3.74
VTRS,1991-08-09,3.74,3.85,3.74,3.85
VTRS,1991-08-12,3.85,3.89,3.83,3.83
VTRS,1991-08-13,3.85,3.87,3.81,3.83
VTRS,1991-08-14,3.85,3.87,3.83,3.83
VTRS,1991-08-15,3.85,3.93,3.85,3.93
VTRS,1991-08-16,3.94,4.0,3.89,3.91
VTRS,1991-08-19,3.7,3.81,3.56,3.81
VTRS,1991-08-20,3.81,3.87,3.8,3.85
VTRS,1991-08-21,3.85,3.96,3.83,3.94
VTRS,1991-08-22,3.94,4.0,3.91,3.96
VTRS,1991-08-23,3.98,4.04,3.98,4.02
VTRS,1991-08-26,4.0,4.02,3.96,3.96
VTRS,1991-08-27,3.98,3.98,3.91,3.96
VTRS,1991-08-28,3.96,3.98,3.93,3.98
VTRS,1991-08-29,4.0,4.2,3.98,4.17
VTRS,1991-08-30,4.19,4.2,4.13,4.17
VTRS,1991-09-03,4.13,4.17,4.09,4.15
VTRS,1991-09-04,4.15,4.17,4.07,4.07
VTRS,1991-09-05,4.07,4.24,4.07,4.22
VTRS,1991-09-06,4.22,4.26,4.2,4.26
VTRS,1991-09-09,4.26,4.35,4.22,4.3
VTRS,1991-09-10,4.31,4.33,4.26,4.28
VTRS,1991-09-11,4.28,4.3,4.22,4.22
VTRS,1991-09-12,4.26,4.69,4.26,4.69
VTRS,1991-09-13,4.65,4.67,4.44,4.54
VTRS,1991-09-16,4.56,4.57,4.39,4.44
VTRS,1991-09-17,4.44,4.44,4.35,4.39
VTRS,1991-09-18,4.39,4.46,4.39,4.46
VTRS,1991-09-19,4.44,4.74,4.43,4.59
VTRS,1991-09-20,4.65,4.78,4.63,4.74
VTRS,1991-09-23,4.74,4.74,4.72,4.74
VTRS,1991-09-24,4.7,4.87,4.7,4.87
VTRS,1991-09-25,4.85,4.85,4.78,4.81
VTRS,1991-09-26,4.81,5.0,4.78,4.98
VTRS,1991-09-27,4.98,5.19,4.98,5.19
VTRS,1991-09-30,5.13,5.13,5.06,5.07
VTRS,1991-10-01,5.04,5.06,4.89,4.89
VTRS,1991-10-02,4.93,4.94,4.83,4.93
VTRS,1991-10-03,4.94,5.0,4.91,4.96
VTRS,1991-10-04,5.0,5.13,4.96,5.06
VTRS,1991-10-07,5.04,5.06,4.94,4.96
VTRS,1991-10-08,4.96,5.02,4.96,5.02
VTRS,1991-10-09,5.02,5.06,4.98,5.06
VTRS,1991-10-10,5.04,5.11,4.96,4.98
VTRS,1991-10-11,5.02,5.07,5.0,5.04
VTRS,1991-10-14,5.06,5.07,4.98,5.04
VTRS,1991-10-15,5.07,5.24,5.07,5.2
VTRS,1991-10-16,5.2,5.22,5.15,5.19
VTRS,1991-10-17,5.2,5.39,5.2,5.39
VTRS,1991-10-18,5.37,5.39,5.31,5.35
VTRS,1991-10-21,5.3,5.52,5.26,5.5
VTRS,1991-10-22,5.5,5.5,5.39,5.44
VTRS,1991-10-23,5.46,5.46,5.31,5.37
VTRS,1991-10-24,5.37,5.37,4.89,5.17
VTRS,1991-10-25,5.09,5.33,5.09,5.33
VTRS,1991-10-28,5.35,5.35,5.24,5.26
VTRS,1991-10-29,5.22,5.33,5.22,5.33
VTRS,1991-10-30,5.33,5.37,5.17,5.28
VTRS,1991-10-31,5.28,5.41,5.28,5.41
VTRS,1991-11-01,5.41,5.65,5.35,5.61
VTRS,1991-11-04,5.61,5.61,5.43,5.44
VTRS,1991-11-05,5.44,5.56,5.43,5.48
VTRS,1991-11-06,5.52,5.56,5.44,5.48
VTRS,1991-11-07,5.48,5.72,5.44,5.65
VTRS,1991-11-08,5.69,5.7,5.57,5.63
VTRS,1991-11-11,5.65,5.65,5.59,5.65
VTRS,1991-11-12,5.65,5.72,5.63,5.65
VTRS,1991-11-13,5.59,5.81,5.54,5.8
VTRS,1991-11-14,5.8,5.91,5.7,5.74
VTRS,1991-11-15,5.72,5.85,5.37,5.43
VTRS,1991-11-18,5.41,5.67,5.35,5.63
VTRS,1991-11-19,5.59,5.59,5.3,5.46
VTRS,1991-11-20,5.5,5.56,5.31,5.37
VTRS,1991-11-21,5.37,5.57,5.31,5.52
VTRS,1991-11-22,5.54,5.56,5.43,5.46
VTRS,1991-11-25,5.43,5.44,5.33,5.35
VTRS,1991-11-26,5.35,5.43,5.31,5.37
VTRS,1991-11-27,5.33,5.44,5.33,5.37
VTRS,1991-11-29,5.35,5.43,5.35,5.41
VTRS,1991-12-02,5.41,5.67,5.35,5.65
VTRS,1991-12-03,5.63,5.67,5.52,5.65
VTRS,1991-12-04,5.65,5.69,5.56,5.59
VTRS,1991-12-05,5.56,5.67,5.56,5.57
VTRS,1991-12-06,5.61,5.67,5.54,5.56
VTRS,1991-12-09,5.56,5.57,5.48,5.52
VTRS,1991-12-10,5.48,5.5,5.37,5.44
VTRS,1991-12-11,5.48,5.52,5.46,5.48
VTRS,1991-12-12,5.52,5.61,5.52,5.59
VTRS,1991-12-13,5.59,5.7,5.59,5.63
VTRS,1991-12-16,5.61,5.65,5.52,5.52
VTRS,1991-12-17,5.52,5.52,5.37,5.44
VTRS,1991-12-18,5.44,5.5,5.39,5.46
VTRS,1991-12-19,5.48,5.48,5.33,5.41
VTRS,1991-12-20,5.48,5.5,5.39,5.39
VTRS,1991-12-23,5.39,5.54,5.39,5.5
VTRS,1991-12-24,5.44,5.67,5.44,5.65
VTRS,1991-12-26,5.65,5.76,5.63,5.74
VTRS,1991-12-27,5.76,5.81,5.7,5.78
VTRS,1991-12-30,5.8,6.19,5.8,6.13
VTRS,1991-12-31,6.22,6.31,6.06,6.17
VTRS,1992-01-02,6.09,6.15,5.89,6.15
VTRS,1992-01-03,6.11,6.15,6.07,6.07
VTRS,1992-01-06,6.07,6.13,6.02,6.06
VTRS,1992-01-07,6.06,6.15,6.02,6.13
VTRS,1992-01-08,6.06,6.15,6.02,6.06
VTRS,1992-01-09,6.09,6.41,6.07,6.41
VTRS,1992-01-10,6.22,6.41,6.19,6.37
VTRS,1992-01-13,6.37,6.37,6.3,6.33
VTRS,1992-01-14,6.35,6.35,6.19,6.22
VTRS,1992-01-15,6.26,6.3,5.89,5.91
VTRS,1992-01-16,5.83,5.83,5.59,5.8
VTRS,1992-01-17,5.81,5.89,5.72,5.83
VTRS,1992-01-20,5.67,5.7,5.59,5.61
VTRS,1992-01-21,5.54,5.54,5.3,5.3
VTRS,1992-01-22,5.26,5.28,5.09,5.13
VTRS,1992-01-23,5.19,5.59,5.19,5.33
VTRS,1992-01-24,5.2,5.44,5.09,5.37
VTRS,1992-01-27,5.52,5.69,5.48,5.59
VTRS,1992-01-28,5.61,5.63,5.2,5.26
VTRS,1992-01-29,5.26,5.37,5.13,5.22
VTRS,1992-01-30,5.24,5.26,5.13,5.17
VTRS,1992-01-31,5.17,5.17,5.0,5.02
VTRS,1992-02-03,4.96,4.98,4.81,4.93
VTRS,1992-02-04,4.93,4.93,4.83,4.89
VTRS,1992-02-05,5.07,5.35,5.07,5.3
VTRS,1992-02-06,5.41,5.44,5.33,5.35
VTRS,1992-02-07,5.39,5.41,5.2,5.24
VTRS,1992-02-10,5.24,5.33,5.22,5.3
VTRS,1992-02-11,5.33,5.35,5.3,5.33
VTRS,1992-02-12,5.33,5.33,5.28,5.28
VTRS,1992-02-13,5.3,5.3,4.94,5.02
VTRS,1992-02-14,5.04,5.11,4.98,5.04
VTRS,1992-02-18,5.06,5.06,4.91,4.91
VTRS,1992-02-19,4.89,4.93,4.67,4.76
VTRS,1992-02-20,4.76,4.87,4.74,4.81
VTRS,1992-02-21,4.81,4.96,4.78,4.8
VTRS,1992-02-24,4.8,4.81,4.69,4.74
VTRS,1992-02-25,4.76,4.76,4.67,4.74
VTRS,1992-02-26,4.78,4.94,4.76,4.93
VTRS,1992-02-27,4.93,5.04,4.91,4.98
VTRS,1992-02-28,4.98,5.09,4.98,5.02
VTRS,1992-03-02,5.06,5.07,5.0,5.04
VTRS,1992-03-03,5.04,5.06,4.96,5.06
VTRS,1992-03-04,5.04,5.33,5.0,5.22
VTRS,1992-03-05,5.26,5.31,5.07,5.11
VTRS,1992-03-06,5.13,5.17,4.94,4.96
VTRS,1992-03-09,4.96,5.02,4.89,4.91
VTRS,1992-03-10,4.91,5.07,4.91,5.06
VTRS,1992-03-11,5.02,5.04,4.91,5.0
VTRS,1992-03-12,5.0,5.15,4.96,5.15
VTRS,1992-03-13,5.11,5.22,5.11,5.19
VTRS,1992-03-16,5.22,5.22,5.15,5.19
VTRS,1992-03-17,5.2,5.31,5.19,5.28
VTRS,1992-03-18,5.35,5.65,5.31,5.59
VTRS,1992-03-19,5.61,5.69,5.44,5.44
VTRS,1992-03-20,5.41,5.56,5.41,5.54
VTRS,1992-03-23,5.57,5.63,5.54,5.61
VTRS,1992-03-24,5.59,5.63,5.54,5.54
VTRS,1992-03-25,5.57,5.65,5.57,5.61
VTRS,1992-03-26,5.63,5.69,5.57,5.61
VTRS,1992-03-27,5.61,5.61,5.41,5.41
VTRS,1992-03-30,5.41,5.48,5.41,5.48
VTRS,1992-03-31,5.46,5.61,5.43,5.61
VTRS,1992-04-01,5.56,5.63,5.56,5.63
VTRS,1992-04-02,5.63,5.63,5.52,5.54
VTRS,1992-04-03,5.54,5.54,5.41,5.48
VTRS,1992-04-06,5.48,5.56,5.48,5.54
VTRS,1992-04-07,5.54,5.63,5.37,5.39
VTRS,1992-04-08,5.35,5.35,5.06,5.22
VTRS,1992-04-09,5.24,5.48,5.24,5.46
VTRS,1992-04-10,5.5,5.54,5.43,5.44
VTRS,1992-04-13,5.44,5.5,5.44,5.48
VTRS,1992-04-14,5.52,5.63,5.46,5.63
VTRS,1992-04-15,5.63,5.63,5.5,5.52
VTRS,1992-04-16,5.52,5.54,5.3,5.33
VTRS,1992-04-20,5.3,5.33,5.07,5.09
VTRS,1992-04-21,5.06,5.07,4.93,4.98
VTRS,1992-04-22,5.02,5.26,4.98,5.17
VTRS,1992-04-23,5.15,5.19,5.02,5.11
VTRS,1992-04-24,5.11,5.19,5.02,5.02
VTRS,1992-04-27,5.04,5.06,4.98,5.04
VTRS,1992-04-28,5.04,5.11,5.0,5.0
VTRS,1992-04-29,5.02,5.07,4.98,5.0
VTRS,1992-04-30,5.02,5.26,4.98,5.22
VTRS,1992-05-01,5.22,5.24,5.13,5.15
VTRS,1992-05-04,5.17,5.22,5.15,5.19
VTRS,1992-05-05,5.19,5.3,5.17,5.3
VTRS,1992-05-06,5.31,5.35,5.22,5.22
VTRS,1992-05-07,5.24,5.26,5.17,5.19
VTRS,1992-05-08,5.19,5.22,5.17,5.17
VTRS,1992-05-11,5.2,5.24,5.19,5.2
VTRS,1992-05-12,5.19,5.19,5.07,5.07
VTRS,1992-05-13,5.09,5.09,5.0,5.04
VTRS,1992-05-14,5.0,5.06,5.0,5.04
VTRS,1992-05-15,5.0,5.11,5.0,5.09
VTRS,1992-05-18,5.06,5.3,5.04,5.28
VTRS,1992-05-19,5.3,5.31,5.19,5.19
VTRS,1992-05-20,5.22,5.28,5.19,5.26
VTRS,1992-05-21,5.28,5.28,5.2,5.24
VTRS,1992-05-22,5.24,5.24,5.17,5.17
VTRS,1992-05-26,5.17,5.17,5.09,5.15
VTRS,1992-05-27,5.11,5.11,5.02,5.07
VTRS,1992-05-28,5.07,5.11,5.06,5.09
VTRS,1992-05-29,5.09,5.28,5.09,5.19
VTRS,1992-06-01,5.2,5.52,5.2,5.48
VTRS,1992-06-02,5.52,5.52,5.41,5.48
VTRS,1992-06-03,5.48,5.56,5.46,5.52
VTRS,1992-06-04,5.54,5.57,5.48,5.56
VTRS,1992-06-05,5.57,5.57,5.52,5.52
VTRS,1992-06-08,5.48,5.48,5.37,5.43
VTRS,1992-06-09,5.46,5.54,5.41,5.44
VTRS,1992-06-10,5.44,5.57,5.43,5.57
VTRS,1992-06-11,5.56,5.57,5.52,5.54
VTRS,1992-06-12,5.56,5.63,5.52,5.56
VTRS,1992-06-15,5.5,5.54,5.48,5.5
VTRS,1992-06-16,5.5,5.7,5.5,5.61
VTRS,1992-06-17,5.61,5.63,5.52,5.52
VTRS,1992-06-18,5.48,5.48,5.3,5.39
VTRS,1992-06-19,5.43,5.46,5.39,5.46
VTRS,1992-06-22,5.43,5.46,5.3,5.33
VTRS,1992-06-23,5.41,5.56,5.41,5.54
VTRS,1992-06-24,5.5,5.65,5.43,5.43
VTRS,1992-06-25,5.52,5.61,5.41,5.57
VTRS,1992-06-26,5.57,5.63,5.52,5.63
VTRS,1992-06-29,5.61,5.76,5.56,5.65
VTRS,1992-06-30,5.65,5.85,5.65,5.85
VTRS,1992-07-01,5.87,5.93,5.81,5.89
VTRS,1992-07-02,5.91,5.98,5.8,5.89
VTRS,1992-07-06,5.89,6.11,5.89,6.06
VTRS,1992-07-07,6.07,6.07,5.89,5.89
VTRS,1992-07-08,5.85,5.85,5.74,5.81
VTRS,1992-07-09,5.81,5.96,5.78,5.81
VTRS,1992-07-10,5.85,6.09,5.85,6.06
VTRS,1992-07-13,6.06,6.15,6.02,6.15
VTRS,1992-07-14,6.19,6.22,6.15,6.19
VTRS,1992-07-15,6.17,6.22,6.17,6.19
VTRS,1992-07-16,6.22,6.22,6.17,6.19
VTRS,1992-07-17,6.19,6.19,6.07,6.07
VTRS,1992-07-20,5.96,6.02,5.87,6.0
VTRS,1992-07-21,5.98,6.17,5.98,6.17
VTRS,1992-07-22,6.17,6.17,6.04,6.11
VTRS,1992-07-23,6.11,6.15,6.04,6.15
VTRS,1992-07-24,6.11,6.17,6.09,6.15
VTRS,1992-07-27,6.19,6.26,6.17,6.24
VTRS,1992-07-28,6.22,6.24,6.15,6.24
VTRS,1992-07-29,6.22,6.35,6.22,6.28
VTRS,1992-07-30,6.28,6.59,6.26,6.5
VTRS,1992-07-31,6.57,6.59,6.44,6.44
VTRS,1992-08-03,6.52,7.04,6.52,7.04
VTRS,1992-08-04,7.11,7.22,7.04,7.19
VTRS,1992-08-05,7.15,7.33,7.07,7.19
VTRS,1992-08-06,7.22,7.33,7.19,7.3
VTRS,1992-08-07,7.26,7.33,6.81,6.85
VTRS,1992-08-10,6.85,6.85,6.56,6.67
VTRS,1992-08-11,6.78,6.81,6.7,6.81
VTRS,1992-08-12,6.85,7.0,6.81,6.96
VTRS,1992-08-13,6.93,6.96,6.78,6.89
VTRS,1992-08-14,6.93,7.04,6.89,6.96
VTRS,1992-08-17,7.0,7.15,6.96,7.15
VTRS,1992-08-18,7.19,7.22,7.0,7.22
VTRS,1992-08-19,7.19,7.3,7.15,7.26
VTRS,1992-08-20,7.26,7.44,7.26,7.37
VTRS,1992-08-21,7.41,7.44,7.33,7.37
VTRS,1992-08-24,7.26,7.26,7.07,7.15
VTRS,1992-08-25,7.11,7.15,6.96,7.15
VTRS,1992-08-26,7.19,7.37,7.15,7.3
VTRS,1992-08-27,7.33,7.37,7.11,7.19
VTRS,1992-08-28,7.26,7.26,7.0,7.04
VTRS,1992-08-31,7.0,7.15,7.0,7.11
VTRS,1992-09-01,7.11,7.3,7.11,7.3
VTRS,1992-09-02,7.26,7.52,7.22,7.41
VTRS,1992-09-03,7.44,7.52,7.33,7.41
VTRS,1992-09-04,7.26,7.37,7.11,7.15
VTRS,1992-09-08,7.19,7.33,7.15,7.33
VTRS,1992-09-09,7.3,7.63,7.3,7.63
VTRS,1992-09-10,7.59,7.81,7.56,7.78
VTRS,1992-09-11,7.85,8.11,7.78,7.89
VTRS,1992-09-14,8.0,8.15,7.81,7.81
VTRS,1992-09-15,7.93,8.0,7.81,7.96
VTRS,1992-09-16,7.89,8.04,7.89,8.0
VTRS,1992-09-17,7.96,8.04,7.93,8.0
VTRS,1992-09-18,7.93,8.07,7.93,8.04
VTRS,1992-09-21,7.96,8.04,7.85,8.0
VTRS,1992-09-22,7.93,8.0,7.78,7.96
VTRS,1992-09-23,7.96,8.07,7.93,8.0
VTRS,1992-09-24,7.89,8.07,7.89,8.04
VTRS,1992-09-25,8.04,8.04,7.52,7.67
VTRS,1992-09-28,7.63,7.63,7.19,7.44
VTRS,1992-09-29,7.41,7.85,7.41,7.81
VTRS,1992-09-30,7.81,7.85,7.56,7.56
VTRS,1992-10-01,7.48,7.67,7.44,7.67
VTRS,1992-10-02,7.67,7.7,7.44,7.56
VTRS,1992-10-05,7.44,7.59,7.11,7.59
VTRS,1992-10-06,7.48,7.7,7.41,7.59
VTRS,1992-10-07,7.63,7.7,7.44,7.48
VTRS,1992-10-08,7.44,7.67,7.44,7.56
VTRS,1992-10-09,7.56,7.56,7.37,7.41
VTRS,1992-10-12,7.33,7.52,7.33,7.44
VTRS,1992-10-13,7.48,7.52,7.33,7.33
VTRS,1992-10-14,7.3,7.44,7.26,7.33
VTRS,1992-10-15,7.26,7.48,7.22,7.44
VTRS,1992-10-16,7.44,7.44,7.15,7.33
VTRS,1992-10-19,7.3,7.85,7.26,7.85
VTRS,1992-10-20,7.81,7.93,7.78,7.89
VTRS,1992-10-21,8.04,8.07,7.63,7.67
VTRS,1992-10-22,7.67,7.78,7.56,7.74
VTRS,1992-10-23,7.81,8.15,7.81,8.0
VTRS,1992-10-26,8.04,8.04,7.89,7.96
VTRS,1992-10-27,7.85,7.89,7.78,7.81
VTRS,1992-10-28,7.81,7.85,7.67,7.7
VTRS,1992-10-29,7.78,8.22,7.7,8.11
VTRS,1992-10-30,8.0,8.11,7.96,8.04
VTRS,1992-11-02,7.89,8.22,7.78,8.11
VTRS,1992-11-03,8.07,8.11,7.81,7.93
VTRS,1992-11-04,7.93,7.96,7.67,7.74
VTRS,1992-11-05,7.7,7.74,7.63,7.7
VTRS,1992-11-06,7.7,7.96,7.7,7.89
VTRS,1992-11-09,7.96,8.3,7.93,8.26
VTRS,1992-11-10,8.3,8.56,8.26,8.41
VTRS,1992-11-11,8.33,8.74,8.26,8.74
VTRS,1992-11-12,8.85,8.85,8.44,8.48
VTRS,1992-11-13,8.44,8.48,8.3,8.44
VTRS,1992-11-16,8.52,8.74,8.48,8.7
VTRS,1992-11-17,8.7,8.93,8.67,8.85
VTRS,1992-11-18,8.78,9.0,8.7,9.0
VTRS,1992-11-19,9.04,9.26,8.93,9.26
VTRS,1992-11-20,9.33,9.44,9.22,9.37
VTRS,1992-11-23,9.41,9.41,9.11,9.22
VTRS,1992-11-24,9.3,9.33,9.04,9.04
VTRS,1992-11-25,9.07,9.07,8.78,8.85
VTRS,1992-11-27,8.85,8.85,8.7,8.78
VTRS,1992-11-30,8.85,8.89,8.78,8.89
VTRS,1992-12-01,8.81,9.0,8.78,8.93
VTRS,1992-12-02,8.85,8.96,8.81,8.89
VTRS,1992-12-03,8.81,8.89,8.78,8.81
VTRS,1992-12-04,8.78,8.85,8.7,8.81
VTRS,1992-12-07,8.67,8.78,8.48,8.59
VTRS,1992-12-08,8.63,8.81,8.63,8.7
VTRS,1992-12-09,8.67,8.74,8.52,8.63
VTRS,1992-12-10,8.52,8.52,8.07,8.44
VTRS,1992-12-11,8.41,8.48,8.26,8.48
VTRS,1992-12-14,8.41,8.85,8.41,8.7
VTRS,1992-12-15,8.63,8.89,8.59,8.89
VTRS,1992-12-16,8.85,9.04,8.7,8.78
VTRS,1992-12-17,8.85,8.96,8.85,8.93
VTRS,1992-12-18,9.11,9.11,8.93,9.04
VTRS,1992-12-21,9.04,9.04,8.78,9.0
VTRS,1992-12-22,9.04,9.11,8.93,8.96
VTRS,1992-12-23,8.96,8.96,8.78,8.81
VTRS,1992-12-24,8.78,8.89,8.78,8.85
VTRS,1992-12-28,8.81,8.96,8.81,8.89
VTRS,1992-12-29,8.89,9.07,8.85,8.85
VTRS,1992-12-30,8.89,9.0,8.89,9.0
VTRS,1992-12-31,8.96,9.33,8.96,9.33
VTRS,1993-01-04,9.15,9.15,8.96,9.07
VTRS,1993-01-05,9.0,9.07,8.78,8.81
VTRS,1993-01-06,8.78,8.89,8.44,8.48
VTRS,1993-01-07,8.52,8.7,8.48,8.52
VTRS,1993-01-08,8.59,8.85,8.56,8.81
VTRS,1993-01-11,8.85,8.93,8.78,8.85
VTRS,1993-01-12,8.78,8.81,8.74,8.78
VTRS,1993-01-13,8.78,8.93,8.7,8.85
VTRS,1993-01-14,8.85,8.96,8.81,8.85
VTRS,1993-01-15,8.85,9.04,8.81,9.04
VTRS,1993-01-18,9.0,9.11,8.93,8.96
VTRS,1993-01-19,8.93,9.0,8.89,8.96
VTRS,1993-01-20,8.93,9.3,8.93,9.19
VTRS,1993-01-21,9.26,9.56,9.26,9.48
VTRS,1993-01-22,9.56,10.26,9.52,9.81
VTRS,1993-01-25,10.07,10.93,10.07,10.37
VTRS,1993-01-26,10.59,10.96,10.37,10.59
VTRS,1993-01-27,10.59,10.63,10.22,10.41
VTRS,1993-01-28,10.48,10.63,10.3,10.52
VTRS,1993-01-29,10.44,10.7,10.44,10.63
VTRS,1993-02-01,10.74,10.89,10.59,10.67
VTRS,1993-02-02,10.7,10.7,10.56,10.63
VTRS,1993-02-03,10.63,10.81,10.52,10.78
VTRS,1993-02-04,10.81,10.89,10.59,10.67
VTRS,1993-02-05,10.74,10.74,10.41,10.59
VTRS,1993-02-08,10.63,10.93,10.56,10.93
VTRS,1993-02-09,11.0,11.11,10.7,10.78
VTRS,1993-02-10,11.0,11.15,10.78,10.89
VTRS,1993-02-11,10.85,10.89,10.78,10.81
VTRS,1993-02-12,10.81,10.85,10.7,10.74
VTRS,1993-02-16,10.63,10.7,9.93,10.04
VTRS,1993-02-17,10.0,10.0,9.15,9.33
VTRS,1993-02-18,9.19,9.93,9.19,9.52
VTRS,1993-02-19,9.52,9.67,8.81,9.0
VTRS,1993-02-22,8.44,8.67,7.04,7.63
VTRS,1993-02-23,7.81,8.67,7.74,8.63
VTRS,1993-02-24,8.63,9.11,8.59,8.93
VTRS,1993-02-25,8.96,9.0,8.67,8.81
VTRS,1993-02-26,8.81,9.04,8.78,9.04
VTRS,1993-03-01,8.96,8.96,8.81,8.89
VTRS,1993-03-02,8.89,8.96,8.81,8.89
VTRS,1993-03-03,8.89,9.11,8.85,8.96
VTRS,1993-03-04,8.93,9.0,8.81,9.0
VTRS,1993-03-05,8.89,8.93,8.74,8.81
VTRS,1993-03-08,8.96,9.0,8.81,8.89
VTRS,1993-03-09,8.81,8.85,8.48,8.74
VTRS,1993-03-10,8.81,9.19,8.78,9.19
VTRS,1993-03-11,9.33,9.37,9.0,9.04
VTRS,1993-03-12,8.93,8.96,8.59,8.89
VTRS,1993-03-15,8.96,9.11,8.74,9.04
VTRS,1993-03-16,9.04,9.04,8.63,8.67
VTRS,1993-03-17,8.59,8.67,8.07,8.22
VTRS,1993-03-18,8.3,8.33,8.07,8.15
VTRS,1993-03-19,8.15,8.15,7.59,7.7
VTRS,1993-03-22,7.63,8.04,7.59,8.0
VTRS,1993-03-23,8.22,8.26,8.0,8.0
VTRS,1993-03-24,8.0,8.0,7.78,8.0
VTRS,1993-03-25,8.0,8.22,7.89,8.22
VTRS,1993-03-26,8.15,8.3,8.07,8.22
VTRS,1993-03-29,8.26,8.44,8.15,8.15
VTRS,1993-03-30,8.07,8.44,8.0,8.3
VTRS,1993-03-31,8.44,8.74,8.44,8.59
VTRS,1993-04-01,8.48,8.48,8.19,8.3
VTRS,1993-04-02,8.22,8.26,7.85,7.96
VTRS,1993-04-05,8.0,8.07,7.74,7.78
VTRS,1993-04-06,7.85,7.85,7.63,7.67
VTRS,1993-04-07,7.7,7.85,7.67,7.78
VTRS,1993-04-08,7.89,7.93,7.78,7.85
VTRS,1993-04-12,7.89,7.89,7.37,7.48
VTRS,1993-04-13,7.48,7.52,7.07,7.19
VTRS,1993-04-14,7.22,7.37,7.19,7.33
VTRS,1993-04-15,7.41,7.59,7.37,7.48
VTRS,1993-04-16,7.44,7.56,7.33,7.37
VTRS,1993-04-19,7.22,7.48,7.22,7.37
VTRS,1993-04-20,7.37,7.67,7.19,7.63
VTRS,1993-04-21,7.85,7.93,7.52,7.74
VTRS,1993-04-22,7.7,7.85,7.52,7.56
VTRS,1993-04-23,7.44,7.48,6.96,7.26
VTRS,1993-04-26,7.22,7.41,7.19,7.41
VTRS,1993-04-27,7.48,7.85,7.48,7.78
VTRS,1993-04-28,7.93,8.11,7.89,8.0
VTRS,1993-04-29,8.04,8.04,7.74,7.81
VTRS,1993-04-30,7.78,8.07,7.78,8.04
VTRS,1993-05-03,8.07,8.19,8.0,8.19
VTRS,1993-05-04,8.33,8.41,8.19,8.37
VTRS,1993-05-05,8.37,8.48,8.22,8.41
VTRS,1993-05-06,8.44,8.56,8.26,8.33
VTRS,1993-05-07,8.3,8.44,8.3,8.44
VTRS,1993-05-10,8.41,8.59,8.37,8.52
VTRS,1993-05-11,8.52,8.67,8.44,8.63
VTRS,1993-05-12,8.59,8.7,8.52,8.59
VTRS,1993-05-13,8.44,8.48,8.19,8.33
VTRS,1993-05-14,8.33,8.56,8.22,8.56
VTRS,1993-05-17,8.59,8.85,8.59,8.81
VTRS,1993-05-18,8.85,8.93,8.78,8.89
VTRS,1993-05-19,8.89,9.04,8.81,8.96
VTRS,1993-05-20,9.0,9.07,8.93,8.93
VTRS,1993-05-21,8.89,9.04,8.89,8.93
VTRS,1993-05-24,8.89,9.11,8.85,9.11
VTRS,1993-05-25,9.07,9.07,8.81,8.81
VTRS,1993-05-26,8.85,8.96,8.74,8.96
VTRS,1993-05-27,8.89,8.93,8.59,8.67
VTRS,1993-05-28,8.67,8.67,8.48,8.59
VTRS,1993-06-01,8.7,8.7,8.52,8.52
VTRS,1993-06-02,8.56,8.56,8.41,8.44
VTRS,1993-06-03,8.3,8.37,8.22,8.3
VTRS,1993-06-04,8.3,8.37,8.19,8.26
VTRS,1993-06-07,8.26,8.26,8.04,8.07
VTRS,1993-06-08,8.07,8.07,7.89,7.96
VTRS,1993-06-09,7.89,8.19,7.89,8.07
VTRS,1993-06-10,8.11,8.22,8.11,8.11
VTRS,1993-06-11,8.15,8.22,8.04,8.11
VTRS,1993-06-14,8.15,8.59,8.15,8.48
VTRS,1993-06-15,8.44,8.85,8.44,8.74
VTRS,1993-06-16,8.7,8.74,8.44,8.48
VTRS,1993-06-17,8.48,8.48,8.22,8.37
VTRS,1993-06-18,8.37,8.44,8.33,8.33
VTRS,1993-06-21,8.37,8.59,8.3,8.41
VTRS,1993-06-22,8.44,8.52,8.3,8.41
VTRS,1993-06-23,8.48,8.48,8.3,8.33
VTRS,1993-06-24,8.3,8.44,8.3,8.41
VTRS,1993-06-25,8.41,8.63,8.41,8.63
VTRS,1993-06-28,8.7,8.74,8.67,8.67
VTRS,1993-06-29,8.7,8.78,8.56,8.59
VTRS,1993-06-30,8.59,8.63,8.04,8.07
VTRS,1993-07-01,8.04,8.07,7.93,7.96
VTRS,1993-07-02,7.96,8.0,7.93,7.96
VTRS,1993-07-06,7.89,7.93,7.59,7.67
VTRS,1993-07-07,7.67,7.7,7.11,7.56
VTRS,1993-07-08,7.63,7.78,7.52,7.67
VTRS,1993-07-09,7.7,7.81,7.67,7.67
VTRS,1993-07-12,7.74,7.81,7.67,7.7
VTRS,1993-07-13,7.74,8.07,7.7,8.0
VTRS,1993-07-14,8.0,8.07,7.85,8.0
VTRS,1993-07-15,7.89,7.96,7.85,7.85
VTRS,1993-07-16,7.81,7.85,7.56,7.59
VTRS,1993-07-19,7.59,7.89,7.56,7.89
VTRS,1993-07-20,7.89,8.04,7.81,8.0
VTRS,1993-07-21,8.0,8.04,7.93,8.0
VTRS,1993-07-22,7.96,7.96,7.7,7.74
VTRS,1993-07-23,7.74,7.93,7.74,7.74
VTRS,1993-07-26,7.78,7.81,7.74,7.78
VTRS,1993-07-27,7.74,7.74,7.41,7.44
VTRS,1993-07-28,7.52,7.7,6.81,6.93
VTRS,1993-07-29,7.0,7.11,6.89,6.96
VTRS,1993-07-30,6.96,7.0,6.7,6.93
VTRS,1993-08-02,6.81,6.85,6.7,6.74
VTRS,1993-08-03,6.74,6.74,6.11,6.33
VTRS,1993-08-04,6.33,6.63,6.3,6.52
VTRS,1993-08-05,6.52,6.56,6.0,6.11
VTRS,1993-08-06,6.15,6.93,5.81,6.85
VTRS,1993-08-09,6.85,6.89,6.44,6.67
VTRS,1993-08-10,6.7,6.78,6.48,6.7
VTRS,1993-08-11,6.67,6.85,6.67,6.78
VTRS,1993-08-12,6.78,6.85,6.7,6.85
VTRS,1993-08-13,6.85,6.89,6.78,6.81
VTRS,1993-08-16,6.81,6.89,6.67,6.78
VTRS,1993-08-17,6.89,7.11,6.85,7.07
VTRS,1993-08-18,7.19,7.44,7.19,7.44
VTRS,1993-08-19,7.52,7.52,6.93,7.07
VTRS,1993-08-20,7.22,7.22,7.04,7.07
VTRS,1993-08-23,7.0,7.07,6.89,7.0
VTRS,1993-08-24,6.96,6.96,6.74,6.81
VTRS,1993-08-25,6.81,6.89,6.56,6.56
VTRS,1993-08-26,6.56,6.81,6.56,6.7
VTRS,1993-08-27,6.74,6.81,6.67,6.74
VTRS,1993-08-30,6.78,6.96,6.78,6.96
VTRS,1993-08-31,6.96,6.96,6.7,6.7
VTRS,1993-09-01,6.78,6.85,6.37,6.56
VTRS,1993-09-02,7.07,7.26,6.59,7.11
VTRS,1993-09-03,7.26,7.48,7.26,7.44
VTRS,1993-09-07,7.41,7.41,7.26,7.3
VTRS,1993-09-08,7.37,7.37,7.15,7.19
VTRS,1993-09-09,7.41,7.7,7.37,7.63
VTRS,1993-09-10,7.63,8.07,7.63,8.0
VTRS,1993-09-13,8.15,8.3,8.04,8.22
VTRS,1993-09-14,8.19,8.41,7.96,8.41
VTRS,1993-09-15,8.26,8.63,8.19,8.56
VTRS,1993-09-16,8.59,8.67,8.41,8.44
VTRS,1993-09-17,8.33,8.63,8.33,8.52
VTRS,1993-09-20,8.56,8.7,8.41,8.48
VTRS,1993-09-21,8.3,8.67,8.19,8.59
VTRS,1993-09-22,8.52,8.52,7.93,8.11
VTRS,1993-09-23,8.07,8.41,7.89,8.37
VTRS,1993-09-24,8.26,8.26,8.0,8.07
VTRS,1993-09-27,8.04,8.07,7.96,8.07
VTRS,1993-09-28,8.07,8.44,8.04,8.37
VTRS,1993-09-29,8.37,8.41,8.22,8.33
VTRS,1993-09-30,8.41,9.0,8.33,8.7
VTRS,1993-10-01,8.7,8.93,8.67,8.78
VTRS,1993-10-04,8.85,8.96,8.7,8.85
VTRS,1993-10-05,8.89,9.26,8.89,9.22
VTRS,1993-10-06,9.19,9.19,8.96,9.0
VTRS,1993-10-07,8.85,8.89,8.56,8.67
VTRS,1993-10-08,8.74,8.78,8.56,8.56
VTRS,1993-10-11,9.15,9.3,8.93,9.04
VTRS,1993-10-12,9.33,9.63,9.22,9.56
VTRS,1993-10-13,9.41,9.52,9.19,9.44
VTRS,1993-10-14,9.44,9.52,9.22,9.41
VTRS,1993-10-15,9.41,9.44,9.3,9.33
VTRS,1993-10-18,9.26,9.26,8.89,9.0
VTRS,1993-10-19,9.07,9.15,8.67,8.74
VTRS,1993-10-20,9.33,9.7,9.15,9.22
VTRS,1993-10-21,9.33,9.37,9.04,9.26
VTRS,1993-10-22,9.26,9.52,9.11,9.19
VTRS,1993-10-25,9.11,9.15,8.89,9.04
VTRS,1993-10-26,9.15,9.3,8.67,8.81
VTRS,1993-10-27,8.67,9.0,8.48,8.89
VTRS,1993-10-28,8.74,9.15,8.7,8.85
VTRS,1993-10-29,8.89,8.93,8.59,8.74
VTRS,1993-11-01,8.81,9.41,8.63,9.41
VTRS,1993-11-02,9.41,9.78,9.26,9.37
VTRS,1993-11-03,9.41,9.52,9.26,9.33
VTRS,1993-11-04,9.41,9.56,9.15,9.19
VTRS,1993-11-05,9.19,9.19,8.74,8.93
VTRS,1993-11-08,9.48,9.89,9.41,9.67
VTRS,1993-11-09,9.78,9.89,9.41,9.41
VTRS,1993-11-10,9.41,9.44,9.11,9.44
VTRS,1993-11-11,9.44,9.52,9.3,9.37
VTRS,1993-11-12,9.37,9.59,9.33,9.44
VTRS,1993-11-15,9.48,9.48,9.22,9.3
VTRS,1993-11-16,9.3,9.52,9.22,9.44
VTRS,1993-11-17,9.44,9.48,9.11,9.19
VTRS,1993-11-18,9.19,9.19,8.78,8.78
VTRS,1993-11-19,8.78,8.89,8.7,8.74
VTRS,1993-11-22,8.74,8.74,8.3,8.3
VTRS,1993-11-23,8.41,8.48,8.26,8.3
VTRS,1993-11-24,8.33,8.52,8.3,8.44
VTRS,1993-11-26,8.48,8.59,8.48,8.56
VTRS,1993-11-29,8.56,8.63,8.48,8.52
VTRS,1993-11-30,8.37,8.41,7.85,7.96
VTRS,1993-12-01,7.89,8.11,7.89,7.93
VTRS,1993-12-02,7.93,7.96,7.41,7.67
VTRS,1993-12-03,7.67,7.93,7.59,7.93
VTRS,1993-12-06,7.96,8.11,7.78,7.81
VTRS,1993-12-07,7.78,7.78,7.52,7.52
VTRS,1993-12-08,7.59,7.59,7.33,7.37
VTRS,1993-12-09,7.37,7.44,7.07,7.37
VTRS,1993-12-10,7.41,7.48,7.37,7.48
VTRS,1993-12-13,7.48,7.59,7.37,7.52
VTRS,1993-12-14,7.56,7.67,7.37,7.37
VTRS,1993-12-15,7.37,7.37,7.11,7.19
VTRS,1993-12-16,7.19,7.22,7.0,7.07
VTRS,1993-12-17,7.07,7.37,7.04,7.04
VTRS,1993-12-20,7.04,7.19,6.96,7.0
VTRS,1993-12-21,7.19,7.22,7.07,7.15
VTRS,1993-12-22,7.15,7.19,7.11,7.15
VTRS,1993-12-23,7.19,7.19,7.04,7.11
VTRS,1993-12-27,7.11,7.19,7.11,7.19
VTRS,1993-12-28,7.19,7.59,7.15,7.56
VTRS,1993-12-29,7.59,7.67,7.44,7.52
VTRS,1993-12-30,7.48,7.52,7.15,7.48
VTRS,1993-12-31,7.48,7.52,7.37,7.52
VTRS,1994-01-03,7.44,7.48,7.19,7.19
VTRS,1994-01-04,7.15,7.19,6.89,6.96
VTRS,1994-01-05,7.0,7.41,6.85,7.3
VTRS,1994-01-06,7.26,7.26,6.93,7.04
VTRS,1994-01-07,7.0,7.11,6.96,7.0
VTRS,1994-01-10,7.0,7.26,6.93,7.07
VTRS,1994-01-11,7.07,7.07,6.93,6.93
VTRS,1994-01-12,7.11,7.22,7.07,7.07
VTRS,1994-01-13,7.11,7.19,7.04,7.15
VTRS,1994-01-14,7.15,7.37,7.07,7.19
VTRS,1994-01-17,7.22,7.26,7.04,7.07
VTRS,1994-01-18,7.11,7.15,6.89,7.04
VTRS,1994-01-19,7.11,7.11,6.89,6.89
VTRS,1994-01-20,6.96,7.04,6.89,7.04
VTRS,1994-01-21,7.15,7.15,6.93,7.0
VTRS,1994-01-24,7.04,7.04,6.81,6.89
VTRS,1994-01-25,7.33,7.33,7.15,7.22
VTRS,1994-01-26,7.3,7.37,7.04,7.19
VTRS,1994-01-27,7.19,7.3,7.11,7.22
VTRS,1994-01-28,7.26,7.26,7.11,7.15
VTRS,1994-01-31,7.11,7.15,7.0,7.04
VTRS,1994-02-01,7.0,7.22,6.89,7.19
VTRS,1994-02-02,7.22,7.33,7.19,7.22
VTRS,1994-02-03,7.3,7.3,7.19,7.26
VTRS,1994-02-04,7.3,7.33,7.0,7.04
VTRS,1994-02-07,7.0,7.33,7.0,7.26
VTRS,1994-02-08,7.3,7.33,7.11,7.15
VTRS,1994-02-09,7.15,7.15,7.07,7.11
VTRS,1994-02-10,7.15,7.26,7.04,7.07
VTRS,1994-02-11,7.07,7.11,7.04,7.11
VTRS,1994-02-14,7.11,7.19,7.07,7.11
VTRS,1994-02-15,7.15,7.15,7.04,7.07
VTRS,1994-02-16,7.07,7.07,6.96,7.0
VTRS,1994-02-17,7.07,7.15,6.96,7.0
VTRS,1994-02-18,7.04,7.04,6.93,6.96
VTRS,1994-02-22,7.0,7.0,6.85,6.93
VTRS,1994-02-23,7.0,7.04,6.96,7.0
VTRS,1994-02-24,7.0,7.0,6.93,6.96
VTRS,1994-02-25,6.93,6.96,6.85,6.89
VTRS,1994-02-28,7.0,7.04,6.89,7.0
VTRS,1994-03-01,6.93,7.0,6.89,6.96
VTRS,1994-03-02,6.89,6.93,6.81,6.89
VTRS,1994-03-03,6.93,6.93,6.74,6.81
VTRS,1994-03-04,6.81,6.81,6.52,6.63
VTRS,1994-03-07,6.63,6.7,6.59,6.63
VTRS,1994-03-08,6.63,6.7,6.59,6.63
VTRS,1994-03-09,6.67,6.93,6.56,6.93
VTRS,1994-03-10,6.96,7.07,6.81,6.93
VTRS,1994-03-11,6.89,6.93,6.78,6.78
VTRS,1994-03-14,6.89,6.93,6.81,6.81
VTRS,1994-03-15,6.81,6.89,6.81,6.81
VTRS,1994-03-16,6.81,6.81,6.7,6.74
VTRS,1994-03-17,6.78,6.78,5.85,6.04
VTRS,1994-03-18,6.0,6.04,5.67,5.78
VTRS,1994-03-21,5.7,5.96,5.67,5.96
VTRS,1994-03-22,5.96,5.96,5.78,5.81
VTRS,1994-03-23,5.85,5.89,5.56,5.56
VTRS,1994-03-24,5.52,5.59,5.41,5.52
VTRS,1994-03-25,5.56,5.67,5.41,5.41
VTRS,1994-03-28,5.44,5.44,5.22,5.41
VTRS,1994-03-29,5.33,5.33,5.11,5.11
VTRS,1994-03-30,5.15,5.15,4.7,4.96
VTRS,1994-03-31,5.0,5.22,4.85,5.19
VTRS,1994-04-04,5.0,5.19,4.93,5.07
VTRS,1994-04-05,5.3,5.33,5.0,5.04
VTRS,1994-04-06,5.04,5.11,4.81,4.93
VTRS,1994-04-07,4.93,5.04,4.85,5.04
VTRS,1994-04-08,5.04,5.04,4.93,4.93
VTRS,1994-04-11,4.93,5.04,4.93,4.93
VTRS,1994-04-12,4.93,4.93,4.81,4.81
VTRS,1994-04-13,4.85,4.85,4.63,4.7
VTRS,1994-04-14,4.7,5.19,4.67,5.07
VTRS,1994-04-15,5.19,5.19,4.93,4.93
VTRS,1994-04-18,4.96,5.11,4.93,5.11
VTRS,1994-04-19,5.15,5.19,4.96,5.04
VTRS,1994-04-20,5.04,5.04,4.85,4.89
VTRS,1994-04-21,4.89,5.15,4.81,5.11
VTRS,1994-04-22,5.19,5.33,5.15,5.33
VTRS,1994-04-25,5.26,5.37,5.19,5.33
VTRS,1994-04-26,5.37,5.41,5.26,5.41
VTRS,1994-04-28,5.33,5.41,5.11,5.26
VTRS,1994-04-29,5.26,5.59,5.26,5.59
VTRS,1994-05-02,5.44,5.74,5.33,5.63
VTRS,1994-05-03,5.63,5.67,5.44,5.52
VTRS,1994-05-04,5.63,5.81,5.63,5.7
VTRS,1994-05-05,5.74,5.85,5.74,5.85
VTRS,1994-05-06,5.78,5.96,5.74,5.85
VTRS,1994-05-09,5.78,5.78,5.56,5.59
VTRS,1994-05-10,5.63,5.63,5.48,5.52
VTRS,1994-05-11,5.56,5.59,5.48,5.48
VTRS,1994-05-12,5.52,5.59,5.52,5.56
VTRS,1994-05-13,5.56,5.81,5.44,5.81
VTRS,1994-05-16,5.7,5.89,5.59,5.67
VTRS,1994-05-17,5.7,6.0,5.67,5.85
VTRS,1994-05-18,5.89,5.96,5.85,5.93
VTRS,1994-05-19,5.96,5.96,5.81,5.89
VTRS,1994-05-20,5.93,5.93,5.78,5.78
VTRS,1994-05-23,5.81,5.85,5.74,5.81
VTRS,1994-05-24,5.85,6.0,5.81,5.85
VTRS,1994-05-25,5.81,5.85,5.78,5.85
VTRS,1994-05-26,5.85,5.89,5.78,5.85
VTRS,1994-05-27,5.85,5.85,5.74,5.78
VTRS,1994-05-31,5.78,5.78,5.67,5.67
VTRS,1994-06-01,5.7,5.81,5.59,5.78
VTRS,1994-06-02,5.81,6.33,5.74,6.3
VTRS,1994-06-03,6.22,6.48,6.19,6.19
VTRS,1994-06-06,6.3,6.33,6.19,6.26
VTRS,1994-06-07,6.3,6.48,6.26,6.44
VTRS,1994-06-08,6.41,6.52,6.19,6.22
VTRS,1994-06-09,6.33,6.41,6.26,6.33
VTRS,1994-06-10,6.37,6.41,6.26,6.3
VTRS,1994-06-13,6.33,6.33,6.19,6.3
VTRS,1994-06-14,6.26,6.33,6.19,6.3
VTRS,1994-06-15,6.33,6.33,6.19,6.19
VTRS,1994-06-16,6.26,6.26,6.15,6.22
VTRS,1994-06-17,6.19,6.19,5.96,6.07
VTRS,1994-06-20,6.11,6.15,5.96,5.96
VTRS,1994-06-21,6.04,6.15,6.0,6.04
VTRS,1994-06-22,6.3,6.33,6.19,6.26
VTRS,1994-06-23,6.22,6.48,6.22,6.37
VTRS,1994-06-24,6.37,6.37,6.26,6.3
VTRS,1994-06-27,6.3,6.63,6.26,6.48
VTRS,1994-06-28,6.52,6.81,6.52,6.78
VTRS,1994-06-29,6.78,6.78,6.52,6.52
VTRS,1994-06-30,6.52,6.52,6.3,6.3
VTRS,1994-07-01,6.37,6.44,6.33,6.41
VTRS,1994-07-05,6.41,6.56,6.33,6.41
VTRS,1994-07-06,6.41,6.41,6.3,6.33
VTRS,1994-07-07,6.33,6.44,6.3,6.33
VTRS,1994-07-08,6.3,6.33,6.22,6.26
VTRS,1994-07-11,6.33,6.37,6.07,6.26
VTRS,1994-07-12,6.3,6.44,6.3,6.44
VTRS,1994-07-13,6.44,6.56,6.41,6.41
VTRS,1994-07-14,6.48,6.48,6.37,6.41
VTRS,1994-07-15,6.41,6.48,6.41,6.41
VTRS,1994-07-18,6.44,6.52,6.37,6.37
VTRS,1994-07-19,6.41,6.41,6.19,6.41
VTRS,1994-07-20,6.37,6.52,6.33,6.48
VTRS,1994-07-21,6.81,7.04,6.67,6.7
VTRS,1994-07-22,6.78,6.85,6.52,6.63
VTRS,1994-07-25,6.59,6.81,6.59,6.74
VTRS,1994-07-26,6.78,6.89,6.63,6.63
VTRS,1994-07-27,6.67,6.67,6.56,6.56
VTRS,1994-07-28,6.59,6.63,6.44,6.44
VTRS,1994-07-29,6.52,6.74,6.52,6.56
VTRS,1994-08-01,6.59,6.63,6.44,6.44
VTRS,1994-08-02,6.48,6.7,6.37,6.7
VTRS,1994-08-03,6.89,6.89,6.7,6.78
VTRS,1994-08-04,6.85,6.96,6.78,6.89
VTRS,1994-08-05,6.81,7.07,6.74,7.07
VTRS,1994-08-08,6.96,7.0,6.89,6.93
VTRS,1994-08-09,6.93,7.0,6.89,6.96
VTRS,1994-08-10,7.0,7.19,7.0,7.19
VTRS,1994-08-11,7.11,7.19,7.0,7.07
VTRS,1994-08-12,7.11,7.15,7.04,7.07
VTRS,1994-08-15,7.11,7.11,7.0,7.04
VTRS,1994-08-16,7.07,7.15,7.04,7.15
VTRS,1994-08-17,7.11,7.19,7.04,7.11
VTRS,1994-08-18,7.3,7.93,7.19,7.78
VTRS,1994-08-19,7.78,7.85,7.67,7.7
VTRS,1994-08-22,7.7,8.04,7.7,7.93
VTRS,1994-08-23,8.0,8.11,7.63,7.78
VTRS,1994-08-24,7.67,7.74,7.41,7.41
VTRS,1994-08-25,7.56,7.74,7.56,7.74
VTRS,1994-08-26,7.7,7.78,7.56,7.56
VTRS,1994-08-29,7.63,7.85,7.63,7.74
VTRS,1994-08-30,7.78,7.78,7.63,7.67
VTRS,1994-08-31,7.63,7.67,7.48,7.63
VTRS,1994-09-01,7.63,7.74,7.52,7.74
VTRS,1994-09-02,7.7,7.7,7.56,7.59
VTRS,1994-09-06,7.59,7.67,7.56,7.67
VTRS,1994-09-07,7.67,7.74,7.59,7.59
VTRS,1994-09-08,7.63,7.78,7.59,7.74
VTRS,1994-09-09,7.7,7.78,7.63,7.67
VTRS,1994-09-12,7.67,7.7,7.59,7.7
VTRS,1994-09-13,7.74,7.81,7.7,7.74
VTRS,1994-09-14,7.78,7.81,7.67,7.7
VTRS,1994-09-15,7.63,7.78,7.59,7.7
VTRS,1994-09-16,7.67,7.7,7.59,7.67
VTRS,1994-09-19,7.7,7.7,7.63,7.7
VTRS,1994-09-20,7.7,7.7,7.48,7.52
VTRS,1994-09-21,7.56,7.56,7.19,7.19
VTRS,1994-09-22,7.22,7.33,7.19,7.19
VTRS,1994-09-23,7.22,7.37,7.19,7.19
VTRS,1994-09-26,7.19,7.3,7.11,7.26
VTRS,1994-09-27,7.26,7.52,7.26,7.48
VTRS,1994-09-28,7.52,7.7,7.48,7.7
VTRS,1994-09-29,7.63,7.63,7.52,7.56
VTRS,1994-09-30,7.56,7.63,7.56,7.56
VTRS,1994-10-03,7.63,7.7,7.44,7.67
VTRS,1994-10-04,7.74,7.78,7.63,7.7
VTRS,1994-10-05,7.7,7.7,7.56,7.63
VTRS,1994-10-06,7.63,7.63,7.56,7.56
VTRS,1994-10-07,7.59,7.81,7.56,7.74
VTRS,1994-10-10,7.81,8.44,7.74,8.41
VTRS,1994-10-11,8.41,8.41,8.19,8.19
VTRS,1994-10-12,8.19,8.3,8.15,8.26
VTRS,1994-10-13,8.33,8.37,8.15,8.15
VTRS,1994-10-14,8.15,8.22,8.0,8.19
VTRS,1994-10-17,8.26,8.48,8.22,8.33
VTRS,1994-10-18,8.41,8.63,8.37,8.48
VTRS,1994-10-19,8.56,8.7,8.52,8.56
VTRS,1994-10-20,8.59,8.59,8.41,8.44
VTRS,1994-10-21,8.52,8.63,8.48,8.63
VTRS,1994-10-24,8.7,8.81,8.67,8.7
VTRS,1994-10-25,8.81,8.81,8.67,8.78
VTRS,1994-10-26,8.78,8.85,8.07,8.52
VTRS,1994-10-27,8.52,8.56,8.41,8.48
VTRS,1994-10-28,8.44,8.48,8.37,8.41
VTRS,1994-10-31,8.37,8.41,8.26,8.3
VTRS,1994-11-01,8.26,8.33,8.11,8.3
VTRS,1994-11-02,8.3,8.33,8.15,8.15
VTRS,1994-11-03,8.19,8.26,8.15,8.22
VTRS,1994-11-04,8.3,8.41,8.22,8.22
VTRS,1994-11-07,8.3,8.33,8.19,8.26
VTRS,1994-11-08,8.26,8.48,8.26,8.37
VTRS,1994-11-09,8.48,8.56,8.41,8.48
VTRS,1994-11-10,8.52,8.67,8.48,8.59
VTRS,1994-11-11,8.59,8.63,8.48,8.56
VTRS,1994-11-14,8.56,8.81,8.56,8.78
VTRS,1994-11-15,8.7,8.78,8.44,8.56
VTRS,1994-11-16,8.48,8.67,8.48,8.67
VTRS,1994-11-17,8.74,8.74,8.59,8.59
VTRS,1994-11-18,8.59,8.7,8.56,8.63
VTRS,1994-11-21,8.67,8.67,8.56,8.63
VTRS,1994-11-22,8.56,8.56,8.37,8.41
VTRS,1994-11-23,8.3,8.3,7.93,8.07
VTRS,1994-11-25,8.11,8.37,8.11,8.37
VTRS,1994-11-28,8.37,8.52,8.33,8.44
VTRS,1994-11-29,8.44,8.52,8.37,8.44
VTRS,1994-11-30,8.52,8.67,8.52,8.52
VTRS,1994-12-01,8.52,8.52,8.37,8.41
VTRS,1994-12-02,8.41,8.63,8.41,8.52
VTRS,1994-12-05,8.52,8.63,8.52,8.56
VTRS,1994-12-06,8.56,8.67,8.52,8.63
VTRS,1994-12-07,8.59,8.7,8.52,8.67
VTRS,1994-12-08,8.74,8.78,8.22,8.26
VTRS,1994-12-09,8.22,8.26,7.85,7.96
VTRS,1994-12-12,8.07,8.15,7.89,7.89
VTRS,1994-12-13,7.93,8.04,7.93,7.93
VTRS,1994-12-14,8.0,8.26,8.0,8.22
VTRS,1994-12-15,8.15,8.33,8.11,8.26
VTRS,1994-12-16,8.15,8.33,8.15,8.33
VTRS,1994-12-19,8.3,8.41,8.26,8.37
VTRS,1994-12-20,8.44,8.56,7.7,7.7
VTRS,1994-12-21,7.74,7.93,7.26,7.85
VTRS,1994-12-22,7.93,8.07,7.89,7.96
VTRS,1994-12-23,7.93,8.0,7.89,7.93
VTRS,1994-12-27,8.07,8.07,7.81,7.85
VTRS,1994-12-28,7.85,7.96,7.85,7.89
VTRS,1994-12-29,7.93,8.07,7.93,7.96
VTRS,1994-12-30,8.04,8.15,7.96,8.0
VTRS,1995-01-03,8.07,8.07,7.63,7.67
VTRS,1995-01-04,7.7,7.78,7.67,7.67
VTRS,1995-01-05,7.7,7.74,7.67,7.7
VTRS,1995-01-06,7.7,7.78,7.63,7.7
VTRS,1995-01-09,7.67,7.7,7.48,7.56
VTRS,1995-01-10,7.52,7.52,7.33,7.37
VTRS,1995-01-11,7.41,7.67,7.33,7.67
VTRS,1995-01-12,7.74,7.81,7.74,7.78
VTRS,1995-01-13,7.78,7.89,7.74,7.81
VTRS,1995-01-16,7.85,8.04,7.85,8.0
VTRS,1995-01-17,7.96,8.15,7.96,8.07
VTRS,1995-01-18,8.04,8.19,8.0,8.0
VTRS,1995-01-19,8.11,8.15,8.0,8.11
VTRS,1995-01-20,8.3,8.3,7.93,8.0
VTRS,1995-01-23,7.96,7.96,7.78,7.85
VTRS,1995-01-24,8.15,8.48,8.04,8.44
VTRS,1995-01-25,8.44,8.44,8.19,8.26
VTRS,1995-01-26,8.15,8.3,8.11,8.3
VTRS,1995-01-27,8.26,8.37,8.22,8.37
VTRS,1995-01-30,8.41,8.41,8.26,8.3
VTRS,1995-01-31,8.3,8.37,8.22,8.3
VTRS,1995-02-01,8.41,8.48,8.33,8.44
VTRS,1995-02-02,8.44,8.67,8.41,8.56
VTRS,1995-02-03,8.63,8.89,8.63,8.78
VTRS,1995-02-06,8.81,8.85,8.74,8.78
VTRS,1995-02-07,8.81,8.89,8.81,8.89
VTRS,1995-02-08,8.85,9.0,8.81,8.85
VTRS,1995-02-09,8.96,9.19,8.93,8.93
VTRS,1995-02-10,8.93,9.04,8.89,8.96
VTRS,1995-02-13,9.0,9.07,8.93,9.04
VTRS,1995-02-14,9.07,9.07,8.85,8.89
VTRS,1995-02-15,8.93,9.04,8.85,8.89
VTRS,1995-02-16,8.93,8.96,8.89,8.89
VTRS,1995-02-17,8.93,9.04,8.89,9.0
VTRS,1995-02-21,8.96,9.11,8.96,9.04
VTRS,1995-02-22,9.04,9.19,8.96,9.19
VTRS,1995-02-23,9.19,9.26,9.11,9.19
VTRS,1995-02-24,9.19,9.26,9.11,9.22
VTRS,1995-02-27,9.19,9.3,9.07,9.19
VTRS,1995-02-28,9.19,9.26,9.15,9.26
VTRS,1995-03-01,9.19,9.22,9.15,9.22
VTRS,1995-03-02,9.19,9.19,8.96,9.07
VTRS,1995-03-03,9.0,9.04,8.89,8.93
VTRS,1995-03-06,8.81,9.15,8.67,9.15
VTRS,1995-03-07,9.11,9.19,8.96,9.0
VTRS,1995-03-08,8.96,9.0,8.81,8.81
VTRS,1995-03-09,8.89,8.89,8.81,8.85
VTRS,1995-03-10,8.85,9.15,8.78,9.07
VTRS,1995-03-13,8.96,9.0,8.81,8.85
VTRS,1995-03-14,8.85,9.11,8.85,9.04
VTRS,1995-03-15,8.96,9.11,8.96,9.0
VTRS,1995-03-16,9.0,9.19,9.0,9.07
VTRS,1995-03-17,9.07,9.41,9.0,9.33
VTRS,1995-03-20,9.33,9.67,9.33,9.59
VTRS,1995-03-21,9.59,9.78,9.56,9.59
VTRS,1995-03-22,9.59,9.85,9.52,9.78
VTRS,1995-03-23,9.74,9.89,9.74,9.85
VTRS,1995-03-24,9.81,10.0,9.81,9.96
VTRS,1995-03-27,9.89,9.93,9.74,9.89
VTRS,1995-03-28,9.89,9.89,9.48,9.7
VTRS,1995-03-29,9.74,9.93,9.48,9.59
VTRS,1995-03-30,9.52,9.67,9.37,9.48
VTRS,1995-03-31,9.37,9.52,9.04,9.41
VTRS,1995-04-03,9.33,9.41,9.22,9.41
VTRS,1995-04-04,9.48,9.52,9.33,9.37
VTRS,1995-04-05,9.3,9.41,9.19,9.37
VTRS,1995-04-06,9.37,9.41,9.3,9.3
VTRS,1995-04-07,9.3,9.37,9.3,9.33
VTRS,1995-04-10,9.3,9.37,9.26,9.26
VTRS,1995-04-11,9.26,9.37,9.22,9.22
VTRS,1995-04-12,9.26,9.3,9.22,9.26
VTRS,1995-04-13,9.26,9.52,9.22,9.52
VTRS,1995-04-17,9.56,9.59,9.37,9.41
VTRS,1995-04-18,9.44,9.44,9.33,9.33
VTRS,1995-04-19,9.33,9.37,9.11,9.15
VTRS,1995-04-20,9.19,9.3,9.07,9.07
VTRS,1995-04-21,9.15,9.15,8.96,9.0
VTRS,1995-04-24,9.0,9.26,8.89,9.19
VTRS,1995-04-25,9.26,9.44,9.26,9.41
VTRS,1995-04-26,9.37,9.37,9.07,9.07
VTRS,1995-04-27,9.0,9.15,9.0,9.11
VTRS,1995-04-28,9.11,9.19,9.04,9.11
VTRS,1995-05-01,9.11,9.15,8.96,9.04
VTRS,1995-05-02,8.96,9.04,8.96,9.0
VTRS,1995-05-03,9.11,9.37,9.11,9.26
VTRS,1995-05-04,9.37,9.44,9.19,9.26
VTRS,1995-05-05,9.3,9.37,9.15,9.15
VTRS,1995-05-08,9.15,9.19,9.04,9.04
VTRS,1995-05-09,8.96,9.04,8.7,8.74
VTRS,1995-05-10,8.81,8.81,8.7,8.74
VTRS,1995-05-11,8.74,8.78,8.52,8.7
VTRS,1995-05-12,8.7,8.85,8.59,8.67
VTRS,1995-05-15,8.59,8.63,8.22,8.37
VTRS,1995-05-16,8.33,8.67,8.3,8.59
VTRS,1995-05-17,8.67,8.81,8.59,8.7
VTRS,1995-05-18,8.7,8.74,8.48,8.56
VTRS,1995-05-19,8.52,8.63,8.52,8.56
VTRS,1995-05-22,8.56,8.63,8.52,8.59
VTRS,1995-05-23,8.59,8.63,8.44,8.48
VTRS,1995-05-24,8.48,8.52,8.37,8.48
VTRS,1995-05-25,8.48,8.85,8.44,8.7
VTRS,1995-05-26,8.44,8.44,8.19,8.37
VTRS,1995-05-30,8.48,8.48,8.22,8.41
VTRS,1995-05-31,8.33,8.56,8.26,8.48
VTRS,1995-06-01,8.41,8.44,8.37,8.44
VTRS,1995-06-02,8.37,8.44,8.3,8.33
VTRS,1995-06-05,8.3,8.52,8.3,8.52
VTRS,1995-06-06,8.52,8.7,8.52,8.59
VTRS,1995-06-07,8.63,8.78,8.52,8.59
VTRS,1995-06-08,8.59,8.59,8.41,8.48
VTRS,1995-06-09,8.41,8.56,8.3,8.56
VTRS,1995-06-12,8.56,8.59,8.48,8.59
VTRS,1995-06-13,8.48,8.63,8.44,8.59
VTRS,1995-06-14,8.59,8.67,8.52,8.63
VTRS,1995-06-15,8.7,8.74,8.59,8.63
VTRS,1995-06-16,8.63,8.63,8.48,8.59
VTRS,1995-06-19,8.52,8.74,8.52,8.7
VTRS,1995-06-20,8.74,8.74,8.52,8.59
VTRS,1995-06-21,8.67,8.74,8.59,8.7
VTRS,1995-06-22,8.78,9.22,8.74,9.11
VTRS,1995-06-23,8.96,9.04,8.89,8.96
VTRS,1995-06-26,8.93,9.15,8.93,9.0
VTRS,1995-06-27,8.96,8.96,8.74,8.78
VTRS,1995-06-28,8.78,9.07,8.63,9.07
VTRS,1995-06-29,9.11,9.37,9.07,9.26
VTRS,1995-06-30,9.26,9.26,9.07,9.11
VTRS,1995-07-03,9.11,9.11,9.0,9.04
VTRS,1995-07-05,9.04,9.04,8.93,9.0
VTRS,1995-07-06,9.04,9.15,9.0,9.15
VTRS,1995-07-07,9.15,9.3,9.04,9.07
VTRS,1995-07-10,9.04,9.11,8.74,8.74
VTRS,1995-07-11,8.78,8.78,8.56,8.63
VTRS,1995-07-12,8.56,8.63,8.26,8.41
VTRS,1995-07-13,8.41,8.56,8.37,8.52
VTRS,1995-07-14,8.48,8.74,8.37,8.67
VTRS,1995-07-17,8.59,8.67,8.44,8.56
VTRS,1995-07-18,8.52,8.59,8.44,8.52
VTRS,1995-07-19,8.48,8.52,8.04,8.26
VTRS,1995-07-20,8.48,8.48,8.3,8.37
VTRS,1995-07-21,8.3,8.33,8.15,8.22
VTRS,1995-07-24,8.22,8.44,8.22,8.37
VTRS,1995-07-25,8.41,8.44,8.15,8.19
VTRS,1995-07-26,8.26,8.81,8.26,8.74
VTRS,1995-07-27,8.78,8.85,8.67,8.85
VTRS,1995-07-28,8.89,8.96,8.74,8.89
VTRS,1995-07-31,8.89,8.96,8.81,8.89
VTRS,1995-08-01,8.93,8.93,8.7,8.81
VTRS,1995-08-02,8.81,8.85,8.7,8.78
VTRS,1995-08-03,8.7,8.74,8.63,8.74
VTRS,1995-08-04,8.67,8.85,8.67,8.81
VTRS,1995-08-07,8.85,8.89,8.78,8.85
VTRS,1995-08-08,8.89,8.93,8.67,8.7
VTRS,1995-08-09,8.78,8.96,8.67,8.96
VTRS,1995-08-10,9.04,9.07,8.93,9.07
VTRS,1995-08-11,9.07,9.15,8.96,9.0
VTRS,1995-08-14,9.04,9.19,9.0,9.11
VTRS,1995-08-15,9.19,9.33,9.11,9.33
VTRS,1995-08-16,9.33,9.67,9.28,9.61
VTRS,1995-08-17,9.72,9.89,9.5,9.83
VTRS,1995-08-18,9.83,10.28,9.83,10.22
VTRS,1995-08-21,10.22,10.28,9.94,9.94
VTRS,1995-08-22,10.06,10.06,9.67,9.89
VTRS,1995-08-23,10.0,10.33,9.89,10.22
VTRS,1995-08-24,10.22,10.28,9.89,10.17
VTRS,1995-08-25,10.17,10.22,9.89,9.89
VTRS,1995-08-28,10.0,10.11,9.83,10.06
VTRS,1995-08-29,10.11,10.22,9.83,10.17
VTRS,1995-08-30,10.22,10.28,10.0,10.11
VTRS,1995-08-31,10.11,10.22,10.0,10.17
VTRS,1995-09-01,10.17,10.22,9.89,9.94
VTRS,1995-09-05,10.0,10.08,9.94,10.06
VTRS,1995-09-06,10.0,10.5,9.94,10.39
VTRS,1995-09-07,10.67,10.67,10.44,10.56
VTRS,1995-09-08,10.61,10.67,10.44,10.5
VTRS,1995-09-11,10.39,10.56,10.33,10.44
VTRS,1995-09-12,10.44,10.67,10.39,10.5
VTRS,1995-09-13,10.5,10.56,10.33,10.33
VTRS,1995-09-14,10.33,10.44,10.33,10.39
VTRS,1995-09-15,10.44,10.44,10.17,10.33
VTRS,1995-09-18,10.39,10.56,10.28,10.5
VTRS,1995-09-19,9.44,9.72,9.0,9.17
VTRS,1995-09-20,9.17,9.61,9.17,9.33
VTRS,1995-09-21,9.28,9.33,9.11,9.22
VTRS,1995-09-22,9.28,9.33,9.17,9.28
VTRS,1995-09-25,9.33,9.44,9.11,9.17
VTRS,1995-09-26,9.22,9.33,9.0,9.11
VTRS,1995-09-27,9.11,9.11,8.72,9.11
VTRS,1995-09-28,9.0,9.11,8.89,9.06
VTRS,1995-09-29,9.11,9.11,8.83,8.94
VTRS,1995-10-02,8.94,9.06,8.83,9.0
VTRS,1995-10-03,9.06,9.06,8.72,8.78
VTRS,1995-10-04,8.78,9.06,8.72,9.0
VTRS,1995-10-05,9.0,9.0,8.39,8.5
VTRS,1995-10-06,8.56,8.61,8.44,8.56
VTRS,1995-10-09,8.56,8.56,8.17,8.28
VTRS,1995-10-10,8.22,8.5,8.17,8.33
VTRS,1995-10-11,8.56,8.72,8.44,8.61
VTRS,1995-10-12,8.67,8.72,8.39,8.5
VTRS,1995-10-13,8.44,8.67,8.39,8.67
VTRS,1995-10-16,8.67,8.67,8.39,8.5
VTRS,1995-10-17,8.56,8.61,8.28,8.39
VTRS,1995-10-18,8.56,8.61,8.39,8.44
VTRS,1995-10-19,8.44,8.5,8.39,8.39
VTRS,1995-10-20,8.44,8.5,8.22,8.33
VTRS,1995-10-23,8.33,8.5,8.28,8.33
VTRS,1995-10-24,8.61,8.78,8.28,8.44
VTRS,1995-10-25,8.5,8.61,8.39,8.5
VTRS,1995-10-26,8.56,8.67,8.5,8.56
VTRS,1995-10-27,8.5,8.56,8.39,8.5
VTRS,1995-10-30,8.39,8.56,8.33,8.44
VTRS,1995-10-31,8.44,8.5,8.28,8.5
VTRS,1995-11-01,8.39,8.5,8.39,8.44
VTRS,1995-11-02,8.5,8.61,8.39,8.56
VTRS,1995-11-03,8.67,8.89,8.61,8.78
VTRS,1995-11-06,8.89,9.06,8.5,9.0
VTRS,1995-11-07,8.94,9.28,8.94,9.22
VTRS,1995-11-08,9.28,9.56,9.22,9.44
VTRS,1995-11-09,9.44,9.44,9.22,9.33
VTRS,1995-11-10,9.39,9.44,9.33,9.44
VTRS,1995-11-13,9.44,9.5,9.33,9.33
VTRS,1995-11-14,9.44,9.44,9.17,9.17
VTRS,1995-11-15,9.28,9.28,9.11,9.22
VTRS,1995-11-16,9.28,9.5,9.17,9.44
VTRS,1995-11-17,9.5,9.56,9.44,9.5
VTRS,1995-11-20,9.67,9.78,9.61,9.72
VTRS,1995-11-21,9.72,9.78,9.56,9.56
VTRS,1995-11-22,9.61,9.72,9.44,9.67
VTRS,1995-11-24,9.61,9.72,9.61,9.67
VTRS,1995-11-27,9.67,9.78,9.61,9.67
VTRS,1995-11-28,9.67,9.83,9.67,9.72
VTRS,1995-11-29,9.78,10.11,9.78,10.11
VTRS,1995-11-30,10.0,10.39,10.0,10.39
VTRS,1995-12-01,10.33,10.44,10.22,10.39
VTRS,1995-12-04,10.39,10.5,10.0,10.11
VTRS,1995-12-05,10.11,10.22,10.0,10.11
VTRS,1995-12-06,10.22,10.44,10.17,10.33
VTRS,1995-12-07,10.22,10.44,10.22,10.44
VTRS,1995-12-08,10.44,10.89,10.39,10.83
VTRS,1995-12-11,10.83,10.89,10.67,10.67
VTRS,1995-12-12,10.67,10.72,10.44,10.44
VTRS,1995-12-13,10.44,10.61,10.11,10.22
VTRS,1995-12-14,10.33,10.39,10.11,10.11
VTRS,1995-12-15,9.89,10.33,9.89,10.33
VTRS,1995-12-18,10.11,10.11,9.67,10.0
VTRS,1995-12-19,9.89,10.11,9.83,10.0
VTRS,1995-12-20,10.06,10.28,10.06,10.28
VTRS,1995-12-21,10.28,10.5,10.17,10.33
VTRS,1995-12-22,10.22,10.39,10.17,10.17
VTRS,1995-12-26,10.28,10.44,10.22,10.39
VTRS,1995-12-27,10.33,10.5,10.33,10.44
VTRS,1995-12-28,10.5,10.5,10.28,10.44
VTRS,1995-12-29,10.28,10.44,10.17,10.44
VTRS,1996-01-02,10.33,10.39,10.11,10.17
VTRS,1996-01-03,10.17,10.22,9.94,10.0
VTRS,1996-01-04,10.0,10.11,9.67,9.78
VTRS,1996-01-05,9.83,9.83,9.33,9.5
VTRS,1996-01-08,9.44,9.83,9.44,9.72
VTRS,1996-01-09,9.78,9.78,9.33,9.39
VTRS,1996-01-10,9.17,9.72,9.17,9.28
VTRS,1996-01-11,9.39,9.61,9.33,9.56
VTRS,1996-01-12,9.44,9.61,9.33,9.61
VTRS,1996-01-15,9.44,9.5,9.33,9.39
VTRS,1996-01-16,9.33,9.39,8.83,8.83
VTRS,1996-01-17,8.94,9.06,8.83,8.89
VTRS,1996-01-18,8.89,9.0,8.83,9.0
VTRS,1996-01-19,9.0,9.06,8.94,9.0
VTRS,1996-01-22,9.06,9.06,8.5,8.61
VTRS,1996-01-23,8.67,8.94,8.61,8.83
VTRS,1996-01-24,8.89,9.17,8.83,9.11
VTRS,1996-01-25,8.44,8.5,8.22,8.39
VTRS,1996-01-26,8.39,8.5,8.22,8.5
VTRS,1996-01-29,8.5,8.61,8.28,8.33
VTRS,1996-01-30,8.33,8.61,8.28,8.61
VTRS,1996-01-31,8.61,8.72,8.39,8.44
VTRS,1996-02-01,8.44,8.61,8.33,8.5
VTRS,1996-02-02,8.5,8.72,8.44,8.61
VTRS,1996-02-05,8.67,8.78,8.56,8.72
VTRS,1996-02-06,8.83,8.94,8.72,8.89
VTRS,1996-02-07,8.94,9.06,8.72,8.89
VTRS,1996-02-08,8.78,9.06,8.78,9.0
VTRS,1996-02-09,9.06,9.22,9.0,9.22
VTRS,1996-02-12,9.11,9.22,8.89,8.94
VTRS,1996-02-13,8.72,9.11,8.72,9.0
VTRS,1996-02-14,8.94,9.06,8.83,9.0
VTRS,1996-02-15,8.94,9.0,8.83,8.89
VTRS,1996-02-16,8.89,9.0,8.83,8.89
VTRS,1996-02-20,8.78,8.83,8.72,8.78
VTRS,1996-02-21,8.78,8.78,8.67,8.72
VTRS,1996-02-22,8.78,8.78,8.67,8.78
VTRS,1996-02-23,8.78,8.94,8.72,8.78
VTRS,1996-02-26,8.72,8.89,8.67,8.72
VTRS,1996-02-27,8.72,8.83,8.67,8.72
VTRS,1996-02-28,8.78,8.78,8.67,8.67
VTRS,1996-02-29,8.67,8.72,8.61,8.67
VTRS,1996-03-01,8.72,8.78,8.61,8.72
VTRS,1996-03-04,8.72,8.72,8.61,8.61
VTRS,1996-03-05,8.67,9.0,8.61,8.89
VTRS,1996-03-06,8.89,9.0,8.78,8.83
VTRS,1996-03-07,8.94,9.11,8.89,9.0
VTRS,1996-03-08,8.83,8.94,8.67,8.67
VTRS,1996-03-11,8.67,8.89,8.61,8.78
VTRS,1996-03-12,8.78,8.83,8.5,8.56
VTRS,1996-03-13,8.61,8.67,8.44,8.5
VTRS,1996-03-14,8.56,8.72,8.5,8.61
VTRS,1996-03-15,8.56,8.67,8.5,8.61
VTRS,1996-03-18,8.61,8.78,8.61,8.72
VTRS,1996-03-19,8.72,8.83,8.67,8.72
VTRS,1996-03-20,8.72,8.83,8.67,8.67
VTRS,1996-03-21,8.67,8.83,8.67,8.78
VTRS,1996-03-22,8.89,8.94,8.83,8.83
VTRS,1996-03-25,8.89,9.44,8.83,9.44
VTRS,1996-03-26,9.39,9.39,8.89,9.06
VTRS,1996-03-27,9.11,9.17,8.89,9.0
VTRS,1996-03-28,9.0,9.44,9.0,9.22
VTRS,1996-03-29,9.33,9.5,9.22,9.33
VTRS,1996-04-01,9.39,9.5,9.28,9.39
VTRS,1996-04-02,9.5,9.5,9.28,9.28
VTRS,1996-04-03,9.28,9.33,9.22,9.22
VTRS,1996-04-04,9.28,9.61,9.22,9.5
VTRS,1996-04-08,9.22,9.33,9.11,9.33
VTRS,1996-04-09,9.5,9.56,9.33,9.33
VTRS,1996-04-10,9.33,9.33,8.89,8.94
VTRS,1996-04-11,8.94,9.0,8.72,8.78
VTRS,1996-04-12,8.78,8.94,8.72,8.78
VTRS,1996-04-15,8.78,8.94,8.78,8.83
VTRS,1996-04-16,8.83,8.89,8.72,8.78
VTRS,1996-04-17,8.78,8.83,8.56,8.61
VTRS,1996-04-18,8.67,8.89,8.67,8.83
VTRS,1996-04-19,8.78,8.89,8.78,8.78
VTRS,1996-04-22,8.83,8.89,8.83,8.89
VTRS,1996-04-23,8.94,8.94,8.83,8.94
VTRS,1996-04-24,9.0,9.0,8.72,8.89
VTRS,1996-04-25,8.89,8.94,8.83,8.89
VTRS,1996-04-26,8.83,8.94,8.78,8.83
VTRS,1996-04-29,8.89,8.89,8.72,8.78
VTRS,1996-04-30,8.72,8.72,8.61,8.67
VTRS,1996-05-01,8.67,8.83,8.61,8.78
VTRS,1996-05-02,8.67,8.78,8.67,8.72
VTRS,1996-05-03,8.83,8.83,8.72,8.78
VTRS,1996-05-06,8.78,8.83,8.56,8.61
VTRS,1996-05-07,8.61,8.67,8.44,8.56
VTRS,1996-05-08,8.39,8.56,8.28,8.44
VTRS,1996-05-09,8.44,8.56,8.39,8.5
VTRS,1996-05-10,8.44,8.56,8.39,8.44
VTRS,1996-05-13,8.39,8.72,8.33,8.67
VTRS,1996-05-14,8.67,8.89,8.61,8.83
VTRS,1996-05-15,8.83,8.83,8.61,8.72
VTRS,1996-05-16,8.67,8.72,8.56,8.67
VTRS,1996-05-17,8.61,8.83,8.61,8.72
VTRS,1996-05-20,8.72,8.78,8.67,8.67
VTRS,1996-05-21,8.72,8.78,8.61,8.61
VTRS,1996-05-22,8.67,8.72,8.56,8.61
VTRS,1996-05-23,8.67,8.67,8.44,8.5
VTRS,1996-05-24,8.5,8.56,8.44,8.44
VTRS,1996-05-28,8.5,8.61,8.44,8.44
VTRS,1996-05-29,8.44,8.56,8.44,8.5
VTRS,1996-05-30,8.5,8.56,8.44,8.5
VTRS,1996-05-31,8.44,8.5,8.44,8.44
VTRS,1996-06-03,8.5,8.5,8.44,8.44
VTRS,1996-06-04,8.44,8.67,8.44,8.56
VTRS,1996-06-05,8.61,8.72,8.61,8.61
VTRS,1996-06-06,8.67,8.72,8.5,8.56
VTRS,1996-06-07,8.44,8.56,8.39,8.56
VTRS,1996-06-10,8.5,8.61,8.5,8.56
VTRS,1996-06-11,8.5,8.56,8.44,8.5
VTRS,1996-06-12,8.5,8.67,8.5,8.61
VTRS,1996-06-13,8.67,8.83,8.5,8.83
VTRS,1996-06-14,8.83,9.06,8.83,8.83
VTRS,1996-06-17,8.83,8.83,8.56,8.67
VTRS,1996-06-18,8.67,8.83,8.61,8.83
VTRS,1996-06-19,8.83,9.0,8.67,8.78
VTRS,1996-06-20,8.83,8.83,8.56,8.61
VTRS,1996-06-21,8.67,8.67,8.28,8.28
VTRS,1996-06-24,8.39,8.39,8.06,8.22
VTRS,1996-06-25,8.22,8.28,7.94,8.06
VTRS,1996-06-26,8.11,8.11,7.56,7.61
VTRS,1996-06-27,7.56,7.61,7.22,7.5
VTRS,1996-06-28,7.61,7.83,7.5,7.72
VTRS,1996-07-01,7.67,7.78,7.56,7.67
VTRS,1996-07-02,7.5,7.56,7.22,7.39
VTRS,1996-07-03,7.39,7.5,7.33,7.33
VTRS,1996-07-05,7.33,7.44,7.28,7.33
VTRS,1996-07-08,7.28,7.39,7.17,7.28
VTRS,1996-07-09,7.22,7.33,7.17,7.17
VTRS,1996-07-10,7.17,7.22,6.83,6.94
VTRS,1996-07-11,6.83,7.0,6.78,6.94
VTRS,1996-07-12,7.11,7.17,6.89,7.0
VTRS,1996-07-15,7.0,7.06,6.56,6.56
VTRS,1996-07-16,6.78,6.83,6.33,6.67
VTRS,1996-07-17,6.89,6.94,6.44,6.44
VTRS,1996-07-18,6.56,7.11,6.44,7.0
VTRS,1996-07-19,7.06,7.44,7.0,7.33
VTRS,1996-07-22,7.28,7.39,7.11,7.22
VTRS,1996-07-23,7.17,7.22,6.78,6.78
VTRS,1996-07-24,6.67,6.83,6.56,6.61
VTRS,1996-07-25,6.72,6.78,6.61,6.61
VTRS,1996-07-26,6.61,6.78,6.61,6.78
VTRS,1996-07-29,6.83,6.83,6.67,6.67
VTRS,1996-07-30,6.72,6.78,6.56,6.67
VTRS,1996-07-31,6.67,6.78,6.67,6.67
VTRS,1996-08-01,6.72,7.06,6.72,6.94
VTRS,1996-08-02,7.0,7.17,6.94,7.06
VTRS,1996-08-05,7.0,7.0,6.67,6.67
VTRS,1996-08-06,6.72,7.0,6.72,6.83
VTRS,1996-08-07,6.89,6.89,6.78,6.83
VTRS,1996-08-08,6.83,6.83,6.78,6.83
VTRS,1996-08-09,6.83,6.83,6.72,6.78
VTRS,1996-08-12,6.83,6.94,6.78,6.94
VTRS,1996-08-13,6.94,6.94,6.78,6.78
VTRS,1996-08-14,6.78,6.83,6.72,6.78
VTRS,1996-08-15,6.78,6.78,6.61,6.78
VTRS,1996-08-16,6.72,6.72,6.61,6.67
VTRS,1996-08-19,6.72,6.78,6.67,6.72
VTRS,1996-08-20,6.72,6.78,6.67,6.72
VTRS,1996-08-21,6.78,6.83,6.67,6.67
VTRS,1996-08-22,6.67,6.94,6.61,6.89
VTRS,1996-08-23,6.94,7.39,6.94,7.33
VTRS,1996-08-26,7.28,7.39,7.22,7.39
VTRS,1996-08-27,7.39,7.5,7.33,7.44
VTRS,1996-08-28,7.44,7.61,7.39,7.61
VTRS,1996-08-29,7.56,7.67,7.39,7.44
VTRS,1996-08-30,7.44,7.5,7.28,7.28
VTRS,1996-09-03,7.22,7.28,7.17,7.22
VTRS,1996-09-04,7.28,7.33,7.22,7.22
VTRS,1996-09-05,7.28,7.33,7.17,7.28
VTRS,1996-09-06,7.28,7.39,7.28,7.39
VTRS,1996-09-09,7.33,7.39,7.22,7.28
VTRS,1996-09-10,7.28,7.33,7.22,7.28
VTRS,1996-09-11,7.28,7.39,7.22,7.39
VTRS,1996-09-12,7.39,7.44,7.22,7.22
VTRS,1996-09-13,7.22,7.28,7.11,7.17
VTRS,1996-09-16,7.22,7.22,7.11,7.11
VTRS,1996-09-17,7.17,7.22,7.0,7.06
VTRS,1996-09-18,7.06,7.28,7.06,7.11
VTRS,1996-09-19,7.11,7.17,6.94,7.17
VTRS,1996-09-20,7.11,7.22,7.06,7.17
VTRS,1996-09-23,7.22,7.22,7.06,7.06
VTRS,1996-09-24,7.06,7.22,7.06,7.17
VTRS,1996-09-25,7.17,7.39,7.17,7.33
VTRS,1996-09-26,7.33,7.67,7.33,7.61
VTRS,1996-09-27,7.61,7.72,7.5,7.61
VTRS,1996-09-30,7.61,7.61,7.39,7.61
VTRS,1996-10-01,7.5,7.56,7.39,7.5
VTRS,1996-10-02,7.5,7.61,7.33,7.33
VTRS,1996-10-03,7.39,7.5,7.33,7.39
VTRS,1996-10-04,7.44,7.5,7.33,7.39
VTRS,1996-10-07,7.39,7.44,7.22,7.22
VTRS,1996-10-08,7.22,7.28,7.11,7.11
VTRS,1996-10-09,7.17,7.17,6.94,7.0
VTRS,1996-10-10,6.94,7.06,6.89,6.89
VTRS,1996-10-11,6.89,6.94,6.83,6.89
VTRS,1996-10-14,6.94,7.06,6.83,6.83
VTRS,1996-10-15,6.83,6.94,6.78,6.78
VTRS,1996-10-16,6.83,7.0,6.72,6.83
VTRS,1996-10-17,6.89,6.94,6.72,6.78
VTRS,1996-10-18,6.78,6.89,6.67,6.83
VTRS,1996-10-21,6.89,6.89,6.61,6.61
VTRS,1996-10-22,6.61,6.67,6.56,6.67
VTRS,1996-10-23,6.67,6.67,6.39,6.5
VTRS,1996-10-24,6.5,6.94,6.33,6.78
VTRS,1996-10-25,6.78,6.94,6.44,6.94
VTRS,1996-10-28,6.89,6.89,6.61,6.61
VTRS,1996-10-29,6.44,6.78,6.44,6.56
VTRS,1996-10-30,6.61,6.67,6.44,6.44
VTRS,1996-10-31,6.5,6.78,6.44,6.72
VTRS,1996-11-01,6.72,6.78,6.61,6.72
VTRS,1996-11-04,6.72,6.72,6.56,6.56
VTRS,1996-11-05,6.56,6.67,6.56,6.61
VTRS,1996-11-06,6.67,6.89,6.61,6.89
VTRS,1996-11-07,6.72,6.89,6.72,6.83
VTRS,1996-11-08,6.83,7.0,6.83,7.0
VTRS,1996-11-11,7.06,7.06,6.78,6.83
VTRS,1996-11-12,6.83,6.89,6.72,6.72
VTRS,1996-11-13,6.72,6.78,6.67,6.72
VTRS,1996-11-14,6.67,6.89,6.67,6.78
VTRS,1996-11-15,6.78,6.89,6.72,6.78
VTRS,1996-11-18,6.78,6.83,6.72,6.72
VTRS,1996-11-19,6.83,6.83,6.78,6.83
VTRS,1996-11-20,6.78,6.83,6.72,6.72
VTRS,1996-11-21,6.72,6.78,6.67,6.72
VTRS,1996-11-22,6.67,6.72,6.61,6.61
VTRS,1996-11-25,6.61,6.78,6.28,6.78
VTRS,1996-11-26,6.72,6.78,6.56,6.56
VTRS,1996-11-27,6.56,6.67,6.56,6.61
VTRS,1996-11-29,6.61,6.67,6.56,6.56
VTRS,1996-12-02,6.56,6.61,6.44,6.5
VTRS,1996-12-03,6.56,6.61,6.44,6.5
VTRS,1996-12-04,6.5,6.61,6.44,6.56
VTRS,1996-12-05,6.56,6.56,6.44,6.5
VTRS,1996-12-06,6.44,6.44,6.22,6.22
VTRS,1996-12-09,6.28,6.61,6.28,6.56
VTRS,1996-12-10,6.61,7.11,6.56,7.06
VTRS,1996-12-11,6.94,7.06,6.83,7.0
VTRS,1996-12-12,7.0,7.17,6.94,7.11
VTRS,1996-12-13,7.06,7.67,7.06,7.61
VTRS,1996-12-16,7.56,7.56,7.28,7.33
VTRS,1996-12-17,7.22,7.56,7.22,7.56
VTRS,1996-12-18,7.44,7.56,7.44,7.5
VTRS,1996-12-19,7.5,7.72,7.44,7.56
VTRS,1996-12-20,7.56,7.78,7.44,7.67
VTRS,1996-12-23,7.67,7.72,7.61,7.67
VTRS,1996-12-24,7.72,7.72,7.67,7.67
VTRS,1996-12-26,7.72,7.72,7.5,7.5
VTRS,1996-12-27,7.56,7.61,7.44,7.56
VTRS,1996-12-30,7.5,7.61,7.44,7.5
VTRS,1996-12-31,7.5,7.5,7.39,7.39
VTRS,1997-01-02,7.39,7.44,7.33,7.33
VTRS,1997-01-03,7.39,7.67,7.39,7.56
VTRS,1997-01-06,7.61,7.72,7.56,7.61
VTRS,1997-01-07,7.56,7.94,7.56,7.89
VTRS,1997-01-08,8.0,8.06,7.89,7.94
VTRS,1997-01-09,7.94,8.0,7.78,7.78
VTRS,1997-01-10,7.67,7.83,7.61,7.78
VTRS,1997-01-13,7.78,7.83,7.67,7.72
VTRS,1997-01-14,7.72,7.83,7.56,7.61
VTRS,1997-01-15,7.44,7.89,7.44,7.67
VTRS,1997-01-16,7.72,7.78,7.61,7.67
VTRS,1997-01-17,7.67,7.83,7.67,7.72
VTRS,1997-01-20,7.72,7.94,7.72,7.89
VTRS,1997-01-21,7.83,8.11,7.83,8.0
VTRS,1997-01-22,7.83,8.06,7.61,7.89
VTRS,1997-01-23,7.89,8.06,7.83,7.83
VTRS,1997-01-24,7.78,7.83,7.61,7.67
VTRS,1997-01-27,7.61,7.61,7.33,7.44
VTRS,1997-01-28,7.5,7.67,7.44,7.44
VTRS,1997-01-29,7.33,7.61,7.33,7.56
VTRS,1997-01-30,7.61,7.67,7.5,7.61
VTRS,1997-01-31,7.61,7.61,7.28,7.28
VTRS,1997-02-03,7.39,7.39,7.22,7.33
VTRS,1997-02-04,7.39,7.39,7.11,7.17
VTRS,1997-02-05,7.28,7.33,7.0,7.0
VTRS,1997-02-06,7.06,7.11,6.89,7.06
VTRS,1997-02-07,7.11,7.17,7.0,7.0
VTRS,1997-02-10,7.0,7.11,6.89,6.94
VTRS,1997-02-11,6.94,7.22,6.89,7.17
VTRS,1997-02-12,7.17,7.22,7.11,7.11
VTRS,1997-02-13,7.06,7.22,7.0,7.22
VTRS,1997-02-14,7.17,7.19,7.06,7.11
VTRS,1997-02-18,7.11,7.56,7.0,7.5
VTRS,1997-02-19,7.5,7.5,7.33,7.39
VTRS,1997-02-20,7.28,7.28,7.11,7.11
VTRS,1997-02-21,7.17,7.28,7.17,7.22
VTRS,1997-02-24,7.22,7.33,7.17,7.33
VTRS,1997-02-25,7.39,7.72,7.33,7.67
VTRS,1997-02-26,7.67,7.67,7.44,7.5
VTRS,1997-02-27,7.5,7.56,7.33,7.39
VTRS,1997-02-28,7.39,7.5,7.28,7.44
VTRS,1997-03-03,7.5,7.56,7.39,7.44
VTRS,1997-03-04,7.44,7.5,7.33,7.39
VTRS,1997-03-05,7.44,7.61,7.39,7.5
VTRS,1997-03-06,7.5,7.67,7.5,7.5
VTRS,1997-03-07,7.5,7.61,7.44,7.5
VTRS,1997-03-10,7.56,7.78,7.5,7.72
VTRS,1997-03-11,7.78,7.83,7.56,7.61
VTRS,1997-03-12,7.61,7.72,7.39,7.5
VTRS,1997-03-13,7.5,7.61,7.28,7.28
VTRS,1997-03-14,7.33,7.44,7.28,7.33
VTRS,1997-03-17,7.33,7.33,7.11,7.22
VTRS,1997-03-18,7.17,7.22,7.06,7.11
VTRS,1997-03-19,7.0,7.11,6.89,7.0
VTRS,1997-03-20,6.89,7.0,6.67,6.72
VTRS,1997-03-21,6.78,6.89,6.72,6.72
VTRS,1997-03-24,6.78,6.78,6.67,6.72
VTRS,1997-03-25,6.72,7.11,6.72,6.94
VTRS,1997-03-26,6.89,6.94,6.78,6.78
VTRS,1997-03-27,6.83,6.83,6.56,6.61
VTRS,1997-03-31,6.56,6.61,6.39,6.61
VTRS,1997-04-01,6.33,6.44,5.56,5.61
VTRS,1997-04-02,5.67,5.78,5.39,5.5
VTRS,1997-04-03,5.44,5.56,5.33,5.5
VTRS,1997-04-04,5.39,5.56,5.39,5.5
VTRS,1997-04-07,5.5,5.56,5.44,5.5
VTRS,1997-04-08,5.5,5.61,5.44,5.56
VTRS,1997-04-09,5.61,5.61,5.39,5.44
VTRS,1997-04-10,5.44,5.44,5.28,5.39
VTRS,1997-04-11,5.39,5.44,5.28,5.33
VTRS,1997-04-14,5.39,5.56,5.28,5.33
VTRS,1997-04-15,5.44,5.56,5.39,5.56
VTRS,1997-04-16,5.5,5.56,5.39,5.44
VTRS,1997-04-17,5.39,5.44,5.39,5.44
VTRS,1997-04-18,5.44,5.44,5.33,5.39
VTRS,1997-04-21,5.39,5.39,5.11,5.11
VTRS,1997-04-22,5.17,5.78,5.11,5.72
VTRS,1997-04-23,5.78,5.89,5.72,5.89
VTRS,1997-04-24,5.89,5.89,5.5,5.56
VTRS,1997-04-25,5.5,5.61,5.39,5.56
VTRS,1997-04-28,5.5,5.56,5.5,5.5
VTRS,1997-04-29,5.56,5.72,5.5,5.5
VTRS,1997-04-30,5.33,5.39,5.22,5.33
VTRS,1997-05-01,5.39,5.56,5.33,5.39
VTRS,1997-05-02,5.44,5.61,5.44,5.61
VTRS,1997-05-05,5.72,6.0,5.67,5.94
VTRS,1997-05-06,5.83,6.0,5.83,5.94
VTRS,1997-05-07,5.89,6.06,5.89,5.94
VTRS,1997-05-08,5.94,6.06,5.89,6.06
VTRS,1997-05-09,6.0,6.11,5.89,6.06
VTRS,1997-05-12,6.06,6.11,5.89,5.94
VTRS,1997-05-13,5.94,6.0,5.78,5.89
VTRS,1997-05-14,5.94,6.11,5.83,6.0
VTRS,1997-05-15,6.0,6.06,5.94,6.06
VTRS,1997-05-16,6.06,6.11,5.94,6.06
VTRS,1997-05-19,6.06,6.22,6.0,6.22
VTRS,1997-05-20,6.17,6.33,6.11,6.28
VTRS,1997-05-21,6.33,6.39,6.22,6.39
VTRS,1997-05-22,6.39,6.56,6.39,6.5
VTRS,1997-05-23,6.44,6.61,6.44,6.5
VTRS,1997-05-27,6.5,6.56,6.44,6.5
VTRS,1997-05-28,6.5,6.61,6.44,6.5
VTRS,1997-05-29,6.5,6.56,6.5,6.56
VTRS,1997-05-30,6.5,6.72,6.5,6.72
VTRS,1997-06-02,6.72,6.78,6.61,6.67
VTRS,1997-06-03,6.67,6.67,6.5,6.56
VTRS,1997-06-04,6.61,6.67,6.56,6.61
VTRS,1997-06-05,6.61,6.78,6.56,6.67
VTRS,1997-06-06,6.67,6.72,6.56,6.67
VTRS,1997-06-09,6.67,6.72,6.56,6.61
VTRS,1997-06-10,6.67,6.78,6.61,6.67
VTRS,1997-06-11,6.67,7.5,6.67,7.22
VTRS,1997-06-12,7.28,7.5,7.0,7.28
VTRS,1997-06-13,7.22,7.28,7.06,7.06
VTRS,1997-06-16,7.17,7.17,6.83,6.89
VTRS,1997-06-17,6.89,6.94,6.78,6.89
VTRS,1997-06-18,6.89,6.89,6.78,6.83
VTRS,1997-06-19,6.78,7.0,6.67,7.0
VTRS,1997-06-20,7.0,7.17,6.94,7.0
VTRS,1997-06-23,7.06,7.11,6.78,6.78
VTRS,1997-06-24,6.83,6.94,6.81,6.86
VTRS,1997-06-25,6.78,6.83,6.47,6.64
VTRS,1997-06-26,6.67,6.78,6.64,6.64
VTRS,1997-06-27,6.69,6.72,6.56,6.56
VTRS,1997-06-30,6.58,6.69,6.56,6.56
VTRS,1997-07-01,6.56,6.64,6.5,6.64
VTRS,1997-07-02,6.64,6.64,6.56,6.61
VTRS,1997-07-03,6.67,6.69,6.61,6.69
VTRS,1997-07-07,6.72,6.81,6.61,6.67
VTRS,1997-07-08,6.61,6.69,6.61,6.64
VTRS,1997-07-09,6.64,6.94,6.53,6.78
VTRS,1997-07-10,7.06,7.25,6.92,7.22
VTRS,1997-07-11,7.19,7.22,7.08,7.14
VTRS,1997-07-14,7.11,7.17,7.08,7.17
VTRS,1997-07-15,7.17,7.22,7.08,7.08
VTRS,1997-07-16,7.11,7.17,7.08,7.11
VTRS,1997-07-17,7.08,7.11,6.92,6.97
VTRS,1997-07-18,6.97,7.0,6.78,6.89
VTRS,1997-07-21,6.83,6.89,6.61,6.72
VTRS,1997-07-22,6.72,6.89,6.72,6.83
VTRS,1997-07-23,7.17,7.39,7.11,7.28
VTRS,1997-07-24,7.31,7.47,7.28,7.42
VTRS,1997-07-25,7.36,7.53,7.33,7.42
VTRS,1997-07-28,7.42,7.83,7.42,7.81
VTRS,1997-07-29,7.81,7.89,7.61,7.67
VTRS,1997-07-30,7.58,7.83,7.58,7.81
VTRS,1997-07-31,7.78,7.83,7.47,7.5
VTRS,1997-08-01,7.83,8.11,7.78,8.0
VTRS,1997-08-04,8.0,8.06,7.89,7.97
VTRS,1997-08-05,7.97,9.33,7.92,9.28
VTRS,1997-08-06,9.56,9.56,8.94,9.11
VTRS,1997-08-07,9.11,9.19,9.08,9.19
VTRS,1997-08-08,8.94,9.31,8.78,9.28
VTRS,1997-08-11,9.39,9.69,9.14,9.42
VTRS,1997-08-12,9.36,9.44,8.94,9.17
VTRS,1997-08-13,9.25,9.53,9.17,9.33
VTRS,1997-08-14,9.31,9.31,9.17,9.17
VTRS,1997-08-15,9.17,9.17,8.72,8.78
VTRS,1997-08-18,8.78,8.78,8.67,8.72
VTRS,1997-08-19,8.86,9.28,8.78,9.11
VTRS,1997-08-20,9.06,9.64,9.03,9.64
VTRS,1997-08-21,9.67,9.78,9.5,9.56
VTRS,1997-08-22,9.36,9.44,9.11,9.44
VTRS,1997-08-25,9.44,9.47,9.17,9.22
VTRS,1997-08-26,9.17,9.25,8.94,8.94
VTRS,1997-08-27,8.97,9.44,8.97,9.44
VTRS,1997-08-28,9.44,9.47,9.31,9.36
VTRS,1997-08-29,9.36,9.47,9.33,9.44
VTRS,1997-09-02,9.5,9.78,9.44,9.67
VTRS,1997-09-03,9.78,10.31,9.56,10.22
VTRS,1997-09-04,10.25,10.53,10.22,10.36
VTRS,1997-09-05,10.39,10.44,10.14,10.33
VTRS,1997-09-08,10.42,10.47,10.25,10.31
VTRS,1997-09-09,10.31,10.44,10.22,10.25
VTRS,1997-09-10,10.14,10.17,9.92,10.03
VTRS,1997-09-11,9.78,10.08,9.56,9.94
VTRS,1997-09-12,9.86,10.08,9.78,10.08
VTRS,1997-09-15,10.08,10.56,10.08,10.5
VTRS,1997-09-16,10.5,10.69,10.36,10.64
VTRS,1997-09-17,10.61,10.69,10.5,10.61
VTRS,1997-09-18,10.5,10.61,10.42,10.56
VTRS,1997-09-19,10.89,11.0,10.69,10.81
VTRS,1997-09-22,10.83,10.86,10.47,10.64
VTRS,1997-09-23,10.44,10.5,10.28,10.36
VTRS,1997-09-24,10.17,10.36,9.78,10.06
VTRS,1997-09-25,9.89,10.11,9.67,10.11
VTRS,1997-09-26,10.22,10.28,9.97,10.0
VTRS,1997-09-29,9.89,9.94,9.83,9.86
VTRS,1997-09-30,9.86,10.03,9.83,9.97
VTRS,1997-10-01,10.11,10.31,10.11,10.19
VTRS,1997-10-02,10.22,10.22,10.0,10.06
VTRS,1997-10-03,10.11,10.14,9.97,10.0
VTRS,1997-10-06,10.0,10.14,9.89,10.14
VTRS,1997-10-07,10.14,10.19,10.08,10.19
VTRS,1997-10-08,10.22,10.75,10.19,10.75
VTRS,1997-10-09,10.67,10.83,10.44,10.69
VTRS,1997-10-10,10.56,11.25,10.47,10.89
VTRS,1997-10-13,10.78,10.83,10.56,10.56
VTRS,1997-10-14,10.47,11.11,10.44,11.11
VTRS,1997-10-15,10.81,10.94,10.67,10.72
VTRS,1997-10-16,10.69,11.14,10.61,10.89
VTRS,1997-10-17,10.89,10.89,10.36,10.72
VTRS,1997-10-20,10.72,10.92,10.72,10.86
VTRS,1997-10-21,10.86,10.92,10.72,10.78
VTRS,1997-10-22,10.78,11.0,10.56,11.0
VTRS,1997-10-23,10.44,10.94,10.42,10.78
VTRS,1997-10-24,10.78,10.86,10.61,10.61
VTRS,1997-10-27,10.5,10.5,9.58,9.58
VTRS,1997-10-28,8.47,10.28,8.47,10.22
VTRS,1997-10-29,10.28,10.36,9.83,9.89
VTRS,1997-10-30,9.78,9.94,9.53,9.67
VTRS,1997-10-31,9.67,9.86,9.56,9.72
VTRS,1997-11-03,9.78,10.06,9.72,10.0
VTRS,1997-11-04,9.97,10.14,9.81,10.11
VTRS,1997-11-05,10.25,10.78,10.25,10.61
VTRS,1997-11-06,10.89,10.89,10.53,10.58
VTRS,1997-11-07,10.33,10.42,10.22,10.22
VTRS,1997-11-10,10.89,10.89,10.58,10.61
VTRS,1997-11-11,10.83,10.86,10.56,10.61
VTRS,1997-11-12,10.61,10.67,10.5,10.56
VTRS,1997-11-13,10.58,10.58,10.28,10.31
VTRS,1997-11-14,10.33,10.67,10.31,10.67
VTRS,1997-11-17,10.67,10.67,10.36,10.36
VTRS,1997-11-18,10.39,10.44,10.22,10.28
VTRS,1997-11-19,10.17,10.22,10.03,10.11
VTRS,1997-11-20,10.08,10.33,10.08,10.33
VTRS,1997-11-21,10.33,10.42,10.25,10.31
VTRS,1997-11-24,10.31,10.39,10.17,10.36
VTRS,1997-11-25,10.36,10.36,10.19,10.19
VTRS,1997-11-26,10.11,10.11,9.83,9.86
VTRS,1997-11-28,9.89,10.0,9.83,9.86
VTRS,1997-12-01,9.92,10.17,9.86,10.03
VTRS,1997-12-02,10.14,10.25,10.0,10.17
VTRS,1997-12-03,10.08,10.19,10.06,10.14
VTRS,1997-12-04,10.22,10.25,10.08,10.14
VTRS,1997-12-05,10.08,10.17,9.86,9.92
VTRS,1997-12-08,9.89,9.89,9.69,9.78
VTRS,1997-12-09,9.78,9.78,9.31,9.36
VTRS,1997-12-10,9.36,9.36,7.72,8.67
VTRS,1997-12-11,8.44,8.64,7.86,8.44
VTRS,1997-12-12,8.56,8.75,8.53,8.58
VTRS,1997-12-15,8.67,8.69,8.61,8.64
VTRS,1997-12-16,8.64,9.06,8.64,8.94
VTRS,1997-12-17,9.03,9.11,8.89,9.11
VTRS,1997-12-18,9.11,9.22,8.81,8.83
VTRS,1997-12-19,8.67,8.67,8.33,8.64
VTRS,1997-12-22,8.56,9.06,8.56,8.81
VTRS,1997-12-23,8.81,9.11,8.81,9.03
VTRS,1997-12-24,8.94,9.06,8.89,8.97
VTRS,1997-12-26,8.92,9.0,8.83,9.0
VTRS,1997-12-29,8.92,9.14,8.92,9.11
VTRS,1997-12-30,9.14,9.22,9.03,9.14
VTRS,1997-12-31,9.17,9.39,8.94,9.31
VTRS,1998-01-02,9.28,9.33,8.89,8.92
VTRS,1998-01-05,8.81,9.06,8.81,8.92
VTRS,1998-01-06,8.92,8.92,8.58,8.81
VTRS,1998-01-07,8.81,8.97,8.69,8.97
VTRS,1998-01-08,8.92,9.08,8.83,9.08
VTRS,1998-01-09,8.97,9.08,8.83,8.89
VTRS,1998-01-12,8.47,8.81,8.44,8.64
VTRS,1998-01-13,8.75,8.86,8.72,8.75
VTRS,1998-01-14,8.64,9.08,8.64,9.08
VTRS,1998-01-15,9.03,9.39,9.0,9.06
VTRS,1998-01-16,9.06,9.08,8.61,8.67
VTRS,1998-01-20,8.67,8.67,8.5,8.61
VTRS,1998-01-21,8.61,8.61,8.42,8.44
VTRS,1998-01-22,8.53,8.75,8.33,8.61
VTRS,1998-01-23,8.58,8.58,8.06,8.11
VTRS,1998-01-26,8.17,8.25,7.94,7.97
VTRS,1998-01-27,7.81,7.94,7.61,7.92
VTRS,1998-01-28,7.97,8.06,7.92,7.94
VTRS,1998-01-29,7.67,8.19,7.67,7.89
VTRS,1998-01-30,7.92,8.11,7.86,8.0
VTRS,1998-02-02,8.11,8.33,7.97,8.0
VTRS,1998-02-03,7.72,8.22,7.58,8.19
VTRS,1998-02-04,8.14,8.33,8.03,8.28
VTRS,1998-02-05,8.39,8.44,8.28,8.36
VTRS,1998-02-06,8.36,8.83,8.33,8.81
VTRS,1998-02-09,8.89,8.89,8.44,8.47
VTRS,1998-02-10,8.31,8.56,8.31,8.47
VTRS,1998-02-11,8.5,8.64,8.22,8.36
VTRS,1998-02-12,8.25,8.33,8.14,8.31
VTRS,1998-02-13,8.19,8.28,8.14,8.22
VTRS,1998-02-17,8.39,8.44,8.25,8.33
VTRS,1998-02-18,8.39,8.67,8.31,8.61
VTRS,1998-02-19,8.53,8.92,8.53,8.92
VTRS,1998-02-20,9.0,9.25,8.89,9.11
VTRS,1998-02-23,9.11,9.14,8.83,8.89
VTRS,1998-02-24,8.89,9.06,8.89,8.97
VTRS,1998-02-25,8.97,8.97,8.86,8.92
VTRS,1998-02-26,9.03,9.19,8.92,9.06
VTRS,1998-02-27,9.08,9.17,9.0,9.06
VTRS,1998-03-02,9.17,9.42,9.17,9.39
VTRS,1998-03-03,9.39,9.42,9.25,9.28
VTRS,1998-03-04,9.22,9.33,8.92,8.97
VTRS,1998-03-05,8.89,9.06,8.78,9.06
VTRS,1998-03-06,8.94,9.47,8.94,9.42
VTRS,1998-03-09,9.42,9.72,9.28,9.39
VTRS,1998-03-10,9.72,9.72,9.44,9.53
VTRS,1998-03-11,9.42,9.72,9.39,9.64
VTRS,1998-03-12,9.64,9.75,9.28,9.28
VTRS,1998-03-13,9.31,9.53,9.0,9.11
VTRS,1998-03-16,9.22,9.58,9.17,9.53
VTRS,1998-03-17,9.56,9.56,9.36,9.36
VTRS,1998-03-18,9.36,9.58,9.36,9.56
VTRS,1998-03-19,9.64,10.0,9.61,9.92
VTRS,1998-03-20,10.06,10.28,9.94,9.97
VTRS,1998-03-23,9.92,10.42,9.78,10.22
VTRS,1998-03-24,10.53,10.81,10.42,10.56
VTRS,1998-03-25,10.67,10.69,10.25,10.28
VTRS,1998-03-26,10.33,10.58,10.14,10.58
VTRS,1998-03-27,10.67,10.72,10.5,10.61
VTRS,1998-03-30,10.58,10.61,10.44,10.53
VTRS,1998-03-31,10.47,10.61,10.17,10.22
VTRS,1998-04-01,10.22,10.5,10.14,10.47
VTRS,1998-04-02,10.44,10.47,10.14,10.14
VTRS,1998-04-03,10.08,10.22,9.81,10.17
VTRS,1998-04-06,10.17,10.47,10.17,10.44
VTRS,1998-04-07,10.44,10.44,10.06,10.33
VTRS,1998-04-08,10.36,10.42,10.22,10.33
VTRS,1998-04-09,10.67,11.22,10.61,11.06
VTRS,1998-04-13,11.11,11.28,10.89,11.19
VTRS,1998-04-14,11.17,11.36,11.11,11.25
VTRS,1998-04-15,11.22,11.58,11.19,11.56
VTRS,1998-04-16,11.47,11.64,11.31,11.47
VTRS,1998-04-17,11.39,11.56,11.36,11.5
VTRS,1998-04-20,11.56,11.86,11.44,11.81
VTRS,1998-04-21,12.0,12.0,11.69,11.86
VTRS,1998-04-22,11.72,11.92,11.44,11.61
VTRS,1998-04-23,11.5,12.08,11.47,12.03
VTRS,1998-04-24,12.08,12.11,11.83,11.92
VTRS,1998-04-27,11.47,11.56,10.97,11.33
VTRS,1998-04-28,11.56,11.78,11.5,11.78
VTRS,1998-04-29,11.75,12.06,11.67,11.94
VTRS,1998-04-30,12.11,12.42,12.06,12.06
VTRS,1998-05-01,12.11,12.14,11.39,11.89
VTRS,1998-05-04,11.78,12.36,11.78,12.19
VTRS,1998-05-05,12.08,12.53,12.0,12.44
VTRS,1998-05-06,12.56,12.72,12.33,12.42
VTRS,1998-05-07,12.53,12.56,12.17,12.39
VTRS,1998-05-08,12.28,12.44,11.94,12.42
VTRS,1998-05-11,12.44,13.03,12.44,12.92
VTRS,1998-05-12,13.11,13.28,12.58,12.75
VTRS,1998-05-13,12.64,12.92,12.31,12.47
VTRS,1998-05-14,12.44,13.53,12.42,13.42
VTRS,1998-05-15,13.31,13.31,12.92,12.92
VTRS,1998-05-18,12.86,13.17,12.67,13.0
VTRS,1998-05-19,13.06,13.75,13.0,13.56
VTRS,1998-05-20,13.61,14.22,13.47,14.06
VTRS,1998-05-21,14.06,14.33,13.86,14.19
VTRS,1998-05-22,14.11,14.22,13.89,14.03
VTRS,1998-05-26,13.94,14.44,13.72,14.11
VTRS,1998-05-27,14.25,14.25,13.81,13.92
VTRS,1998-05-28,13.97,14.0,13.56,13.56
VTRS,1998-05-29,13.44,13.5,13.22,13.33
VTRS,1998-06-01,13.33,13.67,13.33,13.64
VTRS,1998-06-02,13.64,13.64,13.19,13.31
VTRS,1998-06-03,13.39,13.5,13.33,13.33
VTRS,1998-06-04,13.53,13.81,13.36,13.5
VTRS,1998-06-05,13.5,14.33,13.5,13.83
VTRS,1998-06-08,13.86,13.97,13.81,13.81
VTRS,1998-06-09,13.94,13.94,13.72,13.75
VTRS,1998-06-10,13.72,13.83,13.61,13.67
VTRS,1998-06-11,13.64,13.81,13.44,13.78
VTRS,1998-06-12,13.94,14.17,13.94,14.11
VTRS,1998-06-15,14.11,14.22,13.78,13.92
VTRS,1998-06-16,13.81,13.94,13.67,13.75
VTRS,1998-06-17,13.81,14.17,13.81,13.86
VTRS,1998-06-18,13.78,13.81,13.64,13.75
VTRS,1998-06-19,13.64,13.94,13.58,13.83
VTRS,1998-06-22,13.83,14.33,13.81,14.33
VTRS,1998-06-23,14.44,14.56,14.17,14.31
VTRS,1998-06-24,14.0,14.17,13.53,14.11
VTRS,1998-06-25,14.17,14.5,14.11,14.39
VTRS,1998-06-26,14.31,14.39,14.0,14.14
VTRS,1998-06-29,14.17,14.33,14.14,14.19
VTRS,1998-06-30,14.11,14.11,13.36,13.44
VTRS,1998-07-01,13.75,13.83,13.61,13.68
VTRS,1998-07-02,13.69,14.64,13.67,14.47
VTRS,1998-07-06,14.67,14.67,14.0,14.22
VTRS,1998-07-07,14.28,14.28,13.83,13.86
VTRS,1998-07-08,13.86,14.39,13.86,14.22
VTRS,1998-07-09,14.53,15.28,14.5,15.0
VTRS,1998-07-10,15.08,15.19,14.78,14.92
VTRS,1998-07-13,15.0,15.0,14.72,14.81
VTRS,1998-07-14,14.81,15.44,14.75,15.28
VTRS,1998-07-15,15.44,15.5,15.0,15.03
VTRS,1998-07-16,15.0,15.61,15.0,15.53
VTRS,1998-07-17,15.56,15.58,15.22,15.56
VTRS,1998-07-20,15.25,15.33,14.11,14.5
VTRS,1998-07-21,14.78,14.81,14.22,14.22
VTRS,1998-07-22,14.11,14.17,13.61,13.97
VTRS,1998-07-23,13.94,14.06,13.69,13.78
VTRS,1998-07-24,13.67,13.89,13.47,13.56
VTRS,1998-07-27,12.72,13.44,12.08,13.33
VTRS,1998-07-28,13.11,13.11,11.78,12.36
VTRS,1998-07-29,12.56,13.0,12.56,12.58
VTRS,1998-07-30,12.58,13.0,12.56,12.78
VTRS,1998-07-31,12.75,12.83,12.03,12.17
VTRS,1998-08-03,12.14,12.22,11.72,12.11
VTRS,1998-08-04,12.0,12.06,11.56,11.64
VTRS,1998-08-05,11.67,11.78,10.89,11.19
VTRS,1998-08-06,11.19,12.17,11.14,11.83
VTRS,1998-08-07,12.06,12.42,12.0,12.42
VTRS,1998-08-10,12.31,12.5,12.11,12.44
VTRS,1998-08-11,12.33,12.33,11.89,12.25
VTRS,1998-08-12,12.25,13.03,12.25,12.67
VTRS,1998-08-13,12.69,12.86,12.61,12.67
VTRS,1998-08-14,12.69,13.0,12.69,12.94
VTRS,1998-08-17,12.67,12.97,12.39,12.89
VTRS,1998-08-18,12.89,13.47,12.89,13.44
VTRS,1998-08-19,13.56,13.97,13.5,13.61
VTRS,1998-08-20,13.5,13.5,12.97,13.08
VTRS,1998-08-21,12.67,12.72,12.11,12.56
VTRS,1998-08-24,12.44,13.0,12.33,12.47
VTRS,1998-08-25,12.64,12.67,11.44,11.86
VTRS,1998-08-26,11.56,12.08,11.42,12.0
VTRS,1998-08-27,11.89,11.89,11.33,11.42
VTRS,1998-08-28,11.25,11.44,11.11,11.39
VTRS,1998-08-31,11.28,11.33,10.11,10.17
VTRS,1998-09-01,10.19,11.31,9.83,11.22
VTRS,1998-09-02,11.67,13.0,11.64,12.03
VTRS,1998-09-03,11.69,12.39,11.44,12.0
VTRS,1998-09-04,12.11,12.25,11.72,12.19
VTRS,1998-09-08,12.67,12.97,12.61,12.81
VTRS,1998-09-09,12.75,12.83,12.53,12.69
VTRS,1998-09-10,12.58,12.58,12.17,12.33
VTRS,1998-09-11,12.11,12.39,12.06,12.36
VTRS,1998-09-14,12.39,12.92,12.39,12.75
VTRS,1998-09-15,12.67,12.69,12.44,12.64
VTRS,1998-09-16,12.67,13.22,12.67,12.81
VTRS,1998-09-17,12.58,12.58,12.28,12.39
VTRS,1998-09-18,12.39,12.5,12.08,12.25
VTRS,1998-09-21,12.08,12.22,11.78,12.17
VTRS,1998-09-22,12.28,12.5,12.28,12.39
VTRS,1998-09-23,12.28,12.61,12.14,12.14
VTRS,1998-09-24,12.17,12.53,11.92,12.44
VTRS,1998-09-25,12.33,12.94,12.28,12.53
VTRS,1998-09-28,12.61,12.97,12.61,12.83
VTRS,1998-09-29,12.94,13.31,12.89,13.28
VTRS,1998-09-30,13.28,13.92,13.11,13.11
VTRS,1998-10-01,12.89,13.28,12.78,13.14
VTRS,1998-10-02,13.14,13.81,12.89,13.81
VTRS,1998-10-05,13.81,14.17,13.58,13.97
VTRS,1998-10-06,14.22,14.42,13.83,13.94
VTRS,1998-10-07,13.89,13.94,13.19,13.44
VTRS,1998-10-08,13.33,13.33,12.03,12.5
VTRS,1998-10-09,12.5,12.78,12.47,12.72
VTRS,1998-10-12,13.11,13.83,13.03,13.75
VTRS,1998-10-13,13.64,13.64,13.44,13.47
VTRS,1998-10-14,13.36,13.58,13.28,13.39
VTRS,1998-10-15,13.28,13.56,13.11,13.5
VTRS,1998-10-16,13.56,13.86,13.56,13.72
VTRS,1998-10-19,13.61,13.83,13.44,13.5
VTRS,1998-10-20,13.61,14.22,13.61,13.75
VTRS,1998-10-21,13.67,13.67,13.25,13.67
VTRS,1998-10-22,13.78,14.89,13.78,14.83
VTRS,1998-10-23,14.78,15.11,14.56,14.56
VTRS,1998-10-26,14.89,15.19,14.83,15.03
VTRS,1998-10-27,15.11,15.5,15.06,15.11
VTRS,1998-10-28,15.06,15.33,14.92,15.31
VTRS,1998-10-29,15.31,15.47,15.19,15.31
VTRS,1998-10-30,15.39,15.47,15.19,15.31
VTRS,1998-11-02,15.39,15.44,15.17,15.33
VTRS,1998-11-03,15.22,15.22,14.75,14.97
VTRS,1998-11-04,15.08,15.28,14.28,14.33
VTRS,1998-11-05,14.42,14.94,14.33,14.89
VTRS,1998-11-06,14.78,15.03,14.75,15.03
VTRS,1998-11-09,15.06,15.31,14.97,15.22
VTRS,1998-11-10,15.11,15.14,14.75,15.06
VTRS,1998-11-11,15.11,15.11,14.56,14.78
VTRS,1998-11-12,14.83,15.31,14.64,15.31
VTRS,1998-11-13,15.47,15.61,15.36,15.61
VTRS,1998-11-16,15.72,15.92,15.33,15.39
VTRS,1998-11-17,15.33,15.33,14.89,15.17
VTRS,1998-11-18,15.11,15.11,14.64,14.67
VTRS,1998-11-19,14.67,15.14,14.61,15.14
VTRS,1998-11-20,15.14,15.28,15.06,15.11
VTRS,1998-11-23,15.17,15.78,15.11,15.56
VTRS,1998-11-24,15.44,15.97,15.44,15.58
VTRS,1998-11-25,15.39,15.53,15.22,15.53
VTRS,1998-11-27,15.56,15.56,15.11,15.25
VTRS,1998-11-30,15.25,15.44,14.72,14.75
VTRS,1998-12-01,14.75,15.22,14.64,15.14
VTRS,1998-12-02,15.11,15.17,14.97,15.0
VTRS,1998-12-03,15.0,15.5,15.0,15.36
VTRS,1998-12-04,15.42,15.53,15.28,15.28
VTRS,1998-12-07,14.22,14.42,13.31,14.19
VTRS,1998-12-08,14.0,14.47,13.78,14.31
VTRS,1998-12-09,14.31,14.33,14.06,14.11
VTRS,1998-12-10,13.83,13.96,12.72,12.83
VTRS,1998-12-11,12.67,13.39,12.33,12.56
VTRS,1998-12-14,12.22,12.42,11.86,12.0
VTRS,1998-12-15,12.17,12.94,12.14,12.83
VTRS,1998-12-16,12.83,13.11,12.64,12.92
VTRS,1998-12-17,13.03,13.53,12.97,13.53
VTRS,1998-12-18,13.56,13.83,13.17,13.36
VTRS,1998-12-21,13.31,13.33,11.89,11.89
VTRS,1998-12-22,11.78,11.83,10.78,10.78
VTRS,1998-12-23,11.11,12.56,11.06,12.42
VTRS,1998-12-24,12.31,12.33,11.97,12.03
VTRS,1998-12-28,12.14,13.08,12.14,13.03
VTRS,1998-12-29,12.69,13.17,12.53,12.86
VTRS,1998-12-30,12.67,13.08,12.67,12.94
VTRS,1998-12-31,12.97,14.0,12.72,14.0
VTRS,1999-01-04,13.81,13.86,13.22,13.33
VTRS,1999-01-05,13.31,13.78,13.31,13.67
VTRS,1999-01-06,13.78,13.97,13.64,13.89
VTRS,1999-01-07,13.72,13.78,13.39,13.58
VTRS,1999-01-08,13.58,13.78,12.97,13.22
VTRS,1999-01-11,13.19,13.19,12.47,12.89
VTRS,1999-01-12,12.83,13.06,12.81,13.06
VTRS,1999-01-13,12.86,13.03,12.58,12.89
VTRS,1999-01-14,12.89,12.94,12.72,12.86
VTRS,1999-01-15,13.06,13.39,12.97,13.33
VTRS,1999-01-19,13.36,13.36,12.83,13.03
VTRS,1999-01-20,12.92,13.61,12.75,13.56
VTRS,1999-01-21,13.33,14.22,13.33,13.61
VTRS,1999-01-22,13.33,13.58,13.11,13.53
VTRS,1999-01-25,13.47,13.47,13.25,13.33
VTRS,1999-01-26,13.25,13.33,12.97,13.0
VTRS,1999-01-27,13.11,13.58,13.06,13.44
VTRS,1999-01-28,13.42,14.19,13.42,13.89
VTRS,1999-01-29,13.89,13.89,13.44,13.56
VTRS,1999-02-01,13.33,13.36,13.03,13.33
VTRS,1999-02-02,13.25,13.25,12.92,13.03
VTRS,1999-02-03,12.97,13.08,12.56,12.83
VTRS,1999-02-04,12.89,13.19,12.83,13.14
VTRS,1999-02-05,13.11,13.11,12.75,12.97
VTRS,1999-02-08,13.08,13.14,12.94,13.11
VTRS,1999-02-09,13.11,13.31,12.83,12.83
VTRS,1999-02-10,13.06,13.22,12.36,12.44
VTRS,1999-02-11,12.44,12.67,12.33,12.53
VTRS,1999-02-12,12.58,12.67,12.39,12.47
VTRS,1999-02-16,12.5,12.69,12.33,12.39
VTRS,1999-02-17,12.22,12.33,11.89,12.0
VTRS,1999-02-18,12.11,12.17,11.89,12.0
VTRS,1999-02-19,12.08,12.19,11.72,11.81
VTRS,1999-02-22,11.92,12.11,11.67,11.67
VTRS,1999-02-23,11.75,11.94,11.69,11.72
VTRS,1999-02-24,11.83,12.08,11.75,11.92
VTRS,1999-02-25,11.97,12.03,11.81,11.86
VTRS,1999-02-26,11.94,12.25,11.94,12.14
VTRS,1999-03-01,12.14,12.61,12.14,12.58
VTRS,1999-03-02,12.58,12.78,12.58,12.78
VTRS,1999-03-03,12.83,12.97,12.72,12.81
VTRS,1999-03-04,12.83,13.28,12.81,12.97
VTRS,1999-03-05,13.08,13.31,13.0,13.11
VTRS,1999-03-08,13.11,13.33,13.08,13.25
VTRS,1999-03-09,13.17,13.31,13.11,13.22
VTRS,1999-03-10,13.22,13.22,13.03,13.03
VTRS,1999-03-11,13.06,13.14,13.06,13.11
VTRS,1999-03-12,13.11,13.17,13.0,13.14
VTRS,1999-03-15,13.14,13.14,12.78,12.83
VTRS,1999-03-16,12.78,12.94,12.69,12.75
VTRS,1999-03-17,12.75,12.81,12.39,12.69
VTRS,1999-03-18,12.75,13.75,12.39,13.44
VTRS,1999-03-19,13.39,13.44,13.22,13.25
VTRS,1999-03-22,13.33,13.65,13.33,13.36
VTRS,1999-03-23,13.36,13.44,12.75,12.75
VTRS,1999-03-24,12.72,12.75,12.25,12.39
VTRS,1999-03-25,12.44,12.5,12.33,12.47
VTRS,1999-03-26,12.44,12.44,12.17,12.17
VTRS,1999-03-29,12.25,12.31,12.11,12.28
VTRS,1999-03-30,12.17,12.36,12.03,12.11
VTRS,1999-03-31,12.19,12.31,12.14,12.19
VTRS,1999-04-01,12.28,12.42,12.0,12.17
VTRS,1999-04-05,12.22,12.33,12.14,12.19
VTRS,1999-04-06,12.19,12.31,12.11,12.19
VTRS,1999-04-07,12.22,12.33,12.0,12.03
VTRS,1999-04-08,12.06,12.06,11.64,11.72
VTRS,1999-04-09,11.64,11.72,11.33,11.33
VTRS,1999-04-12,11.08,11.33,10.5,10.58
VTRS,1999-04-13,10.58,11.17,9.78,11.06
VTRS,1999-04-14,11.06,11.17,10.69,10.72
VTRS,1999-04-15,10.69,10.78,10.44,10.53
VTRS,1999-04-16,10.56,11.0,10.33,10.33
VTRS,1999-04-19,10.33,10.64,10.11,10.19
VTRS,1999-04-20,10.08,10.22,10.08,10.17
VTRS,1999-04-21,10.19,10.75,10.14,10.75
VTRS,1999-04-22,10.69,10.78,10.44,10.47
VTRS,1999-04-23,10.47,10.58,10.28,10.58
VTRS,1999-04-26,10.75,10.94,10.61,10.69
VTRS,1999-04-27,10.78,10.89,10.56,10.69
VTRS,1999-04-28,10.67,10.81,10.53,10.72
VTRS,1999-04-29,10.78,10.83,10.33,10.44
VTRS,1999-04-30,10.56,10.64,10.08,10.08
VTRS,1999-05-03,10.08,10.33,10.03,10.19
VTRS,1999-05-04,10.31,10.33,9.94,9.97
VTRS,1999-05-05,10.0,10.14,9.81,9.94
VTRS,1999-05-06,9.92,10.14,9.67,9.72
VTRS,1999-05-07,9.78,9.89,9.61,9.83
VTRS,1999-05-10,9.89,10.17,9.72,9.97
VTRS,1999-05-11,9.97,10.61,9.86,10.56
VTRS,1999-05-12,11.17,11.17,10.56,10.92
VTRS,1999-05-13,10.94,11.03,10.78,10.86
VTRS,1999-05-14,10.67,11.14,10.61,11.11
VTRS,1999-05-17,11.11,11.11,10.22,10.33
VTRS,1999-05-18,10.67,10.67,10.31,10.39
VTRS,1999-05-19,10.5,10.61,10.42,10.5
VTRS,1999-05-20,10.67,11.06,10.61,10.83
VTRS,1999-05-21,10.83,11.06,10.83,10.92
VTRS,1999-05-24,11.0,11.31,10.78,10.78
VTRS,1999-05-25,10.81,11.08,10.75,10.86
VTRS,1999-05-26,10.97,11.17,10.44,10.5
VTRS,1999-05-27,10.58,10.86,10.56,10.81
VTRS,1999-05-28,10.86,11.33,10.83,11.28
VTRS,1999-06-01,11.31,11.44,11.14,11.14
VTRS,1999-06-02,11.17,11.19,10.64,10.83
VTRS,1999-06-03,11.11,11.31,10.58,10.94
VTRS,1999-06-04,10.92,11.08,10.64,11.08
VTRS,1999-06-07,11.08,11.11,10.67,10.78
VTRS,1999-06-08,10.89,11.83,10.89,11.58
VTRS,1999-06-09,11.69,12.61,11.69,12.43
VTRS,1999-06-10,12.44,12.44,11.78,12.19
VTRS,1999-06-11,12.11,12.31,11.94,12.03
VTRS,1999-06-14,12.03,12.06,11.69,11.89
VTRS,1999-06-15,12.0,12.14,11.92,11.92
VTRS,1999-06-16,11.97,12.06,11.75,11.83
VTRS,1999-06-17,11.86,11.94,11.58,11.67
VTRS,1999-06-18,11.56,11.67,11.33,11.33
VTRS,1999-06-21,11.39,11.53,11.25,11.44
VTRS,1999-06-22,11.33,11.67,11.33,11.39
VTRS,1999-06-23,11.39,11.78,11.36,11.67
VTRS,1999-06-24,11.86,11.86,11.08,11.39
VTRS,1999-06-25,11.47,11.58,11.03,11.14
VTRS,1999-06-28,11.11,11.39,11.08,11.25
VTRS,1999-06-29,11.36,11.39,10.92,11.17
VTRS,1999-06-30,11.5,12.19,11.42,11.78
VTRS,1999-07-01,11.89,12.17,11.89,12.0
VTRS,1999-07-02,11.92,12.22,11.92,12.06
VTRS,1999-07-06,12.06,13.11,12.06,12.94
VTRS,1999-07-07,12.97,13.47,12.78,13.44
VTRS,1999-07-08,12.61,13.11,12.58,12.72
VTRS,1999-07-09,12.75,12.81,12.33,12.42
VTRS,1999-07-12,12.42,13.11,12.42,12.69
VTRS,1999-07-13,12.58,13.08,12.56,12.63
VTRS,1999-07-14,12.89,13.19,12.83,13.03
VTRS,1999-07-15,12.97,13.31,12.97,13.31
VTRS,1999-07-16,13.25,13.39,13.03,13.39
VTRS,1999-07-19,13.33,13.36,12.72,12.81
VTRS,1999-07-20,13.28,13.31,12.47,12.61
VTRS,1999-07-21,12.72,12.97,12.64,12.92
VTRS,1999-07-22,12.89,12.93,12.69,12.89
VTRS,1999-07-23,12.61,12.61,11.61,11.61
VTRS,1999-07-26,11.72,12.25,11.64,11.94
VTRS,1999-07-27,12.0,12.11,11.92,11.94
VTRS,1999-07-28,9.78,10.33,9.64,10.08
VTRS,1999-07-29,10.0,10.28,9.89,10.06
VTRS,1999-07-30,10.08,10.28,9.97,10.17
VTRS,1999-08-02,10.19,10.31,10.06,10.08
VTRS,1999-08-03,10.08,10.39,10.08,10.28
VTRS,1999-08-04,10.25,10.31,10.14,10.14
VTRS,1999-08-05,10.17,10.39,10.0,10.28
VTRS,1999-08-06,10.03,10.19,9.97,10.03
VTRS,1999-08-09,9.92,10.0,9.81,9.83
VTRS,1999-08-10,9.83,9.86,9.69,9.72
VTRS,1999-08-11,9.78,9.86,9.72,9.81
VTRS,1999-08-12,9.83,10.0,9.72,9.97
VTRS,1999-08-13,10.06,10.08,9.94,10.0
VTRS,1999-08-16,9.89,10.14,9.83,9.89
VTRS,1999-08-17,9.97,9.97,9.72,9.75
VTRS,1999-08-18,9.78,9.92,9.69,9.78
VTRS,1999-08-19,9.78,9.89,9.72,9.75
VTRS,1999-08-20,9.81,9.81,9.53,9.69
VTRS,1999-08-23,9.69,9.72,9.22,9.61
VTRS,1999-08-24,9.53,9.53,9.22,9.5
VTRS,1999-08-25,9.53,9.58,9.14,9.31
VTRS,1999-08-26,9.31,9.39,9.22,9.28
VTRS,1999-08-27,9.31,9.47,9.22,9.28
VTRS,1999-08-30,9.25,9.33,8.94,9.08
VTRS,1999-08-31,9.14,9.19,8.81,8.81
VTRS,1999-09-01,8.86,8.86,8.36,8.44
VTRS,1999-09-02,8.44,8.53,8.33,8.39
VTRS,1999-09-03,8.42,8.53,8.39,8.42
VTRS,1999-09-07,8.5,8.5,8.31,8.33
VTRS,1999-09-08,8.28,8.42,8.22,8.28
VTRS,1999-09-09,8.33,8.81,8.28,8.81
VTRS,1999-09-10,8.78,8.81,8.39,8.44
VTRS,1999-09-13,8.36,8.58,8.33,8.36
VTRS,1999-09-14,8.42,8.58,8.31,8.5
VTRS,1999-09-15,8.58,8.72,8.58,8.67
VTRS,1999-09-16,8.69,9.06,8.61,8.78
VTRS,1999-09-17,8.58,8.86,8.47,8.64
VTRS,1999-09-20,8.78,8.92,8.67,8.75
VTRS,1999-09-21,8.75,8.83,8.53,8.58
VTRS,1999-09-22,8.67,8.67,8.36,8.56
VTRS,1999-09-23,8.64,8.64,8.17,8.22
VTRS,1999-09-24,8.25,8.33,8.14,8.28
VTRS,1999-09-27,8.42,8.44,7.89,7.97
VTRS,1999-09-28,7.94,7.97,7.58,7.89
VTRS,1999-09-29,7.97,7.97,7.64,7.69
VTRS,1999-09-30,7.75,8.17,7.72,8.17
VTRS,1999-10-01,8.06,8.5,7.94,8.36
VTRS,1999-10-04,8.5,8.56,7.72,7.78
VTRS,1999-10-05,7.78,8.0,7.67,7.69
VTRS,1999-10-06,7.78,8.03,7.78,7.94
VTRS,1999-10-07,8.03,8.11,7.64,7.78
VTRS,1999-10-08,7.78,7.94,7.75,7.83
VTRS,1999-10-11,7.92,8.22,7.69,8.22
VTRS,1999-10-12,8.17,8.25,7.94,8.19
VTRS,1999-10-13,8.14,8.17,7.92,8.14
VTRS,1999-10-14,8.14,8.25,7.97,8.14
VTRS,1999-10-15,8.17,8.17,7.83,7.94
VTRS,1999-10-18,8.08,8.08,7.75,7.97
VTRS,1999-10-19,8.0,8.28,7.92,8.28
VTRS,1999-10-20,8.28,8.42,8.03,8.19
VTRS,1999-10-21,8.14,8.14,7.92,8.03
VTRS,1999-10-22,8.11,8.19,7.97,8.06
VTRS,1999-10-25,7.94,8.42,7.94,8.36
VTRS,1999-10-26,8.42,8.64,7.67,7.97
VTRS,1999-10-27,7.97,7.97,7.67,7.81
VTRS,1999-10-28,7.78,8.17,7.67,8.11
VTRS,1999-10-29,8.11,8.11,7.92,7.97
VTRS,1999-11-01,8.0,8.03,7.92,8.03
VTRS,1999-11-02,8.03,8.17,7.89,7.97
VTRS,1999-11-03,8.11,8.36,8.11,8.33
VTRS,1999-11-04,8.28,8.83,8.25,8.83
VTRS,1999-11-05,9.19,9.44,8.89,9.06
VTRS,1999-11-08,8.97,8.97,8.67,8.81
VTRS,1999-11-09,8.81,8.97,8.61,8.92
VTRS,1999-11-10,9.03,9.31,8.94,9.25
VTRS,1999-11-11,9.33,9.33,9.11,9.28
VTRS,1999-11-12,9.39,9.44,9.14,9.22
VTRS,1999-11-15,9.33,9.39,9.28,9.36
VTRS,1999-11-16,9.39,9.61,9.25,9.33
VTRS,1999-11-17,9.33,9.86,9.33,9.86
VTRS,1999-11-18,9.86,10.0,9.64,9.92
VTRS,1999-11-19,9.94,10.03,9.75,10.03
VTRS,1999-11-22,10.0,10.03,9.75,9.92
VTRS,1999-11-23,9.89,9.94,9.61,9.89
VTRS,1999-11-24,10.0,10.19,9.92,10.19
VTRS,1999-11-26,10.14,10.14,10.0,10.03
VTRS,1999-11-29,9.97,10.14,9.92,10.11
VTRS,1999-11-30,10.14,10.47,10.11,10.47
VTRS,1999-12-01,10.42,10.67,10.33,10.67
VTRS,1999-12-02,10.67,10.75,10.56,10.58
VTRS,1999-12-03,10.58,10.72,10.53,10.56
VTRS,1999-12-06,10.58,10.67,10.25,10.31
VTRS,1999-12-07,10.31,10.78,10.19,10.75
VTRS,1999-12-08,10.67,10.69,10.22,10.56
VTRS,1999-12-09,10.5,10.64,10.03,10.31
VTRS,1999-12-10,10.11,10.14,9.67,10.08
VTRS,1999-12-13,9.92,10.17,9.72,10.08
VTRS,1999-12-14,10.0,10.39,10.0,10.03
VTRS,1999-12-15,10.11,10.11,9.81,9.97
VTRS,1999-12-16,9.78,9.86,9.47,9.69
VTRS,1999-12-17,9.58,9.67,9.06,9.08
VTRS,1999-12-20,9.25,9.67,9.19,9.58
VTRS,1999-12-21,9.58,9.94,9.53,9.69
VTRS,1999-12-22,9.81,10.78,9.78,10.61
VTRS,1999-12-23,10.64,11.39,10.47,10.94
VTRS,1999-12-27,11.03,11.06,10.75,10.94
VTRS,1999-12-28,10.92,11.08,10.83,10.86
VTRS,1999-12-29,10.92,11.19,10.89,11.19
VTRS,1999-12-30,11.28,11.31,10.89,10.92
VTRS,1999-12-31,10.89,11.19,10.89,11.19
VTRS,2000-01-03,11.11,11.17,10.72,10.83
VTRS,2000-01-04,10.69,10.72,10.11,10.33
VTRS,2000-01-05,10.33,10.56,10.25,10.5
VTRS,2000-01-06,10.53,10.67,10.47,10.56
VTRS,2000-01-07,10.56,11.19,10.44,11.11
VTRS,2000-01-10,11.11,11.39,11.08,11.33
VTRS,2000-01-11,11.28,12.06,11.11,12.0
VTRS,2000-01-12,12.0,12.19,11.67,11.72
VTRS,2000-01-13,11.78,12.0,11.78,12.0
VTRS,2000-01-14,12.03,12.64,12.03,12.14
VTRS,2000-01-18,12.22,12.33,12.06,12.31
VTRS,2000-01-19,12.14,12.42,12.08,12.42
VTRS,2000-01-20,12.31,12.44,12.22,12.31
VTRS,2000-01-21,12.33,12.39,11.78,11.89
VTRS,2000-01-24,11.81,11.94,11.14,11.28
VTRS,2000-01-25,11.17,11.33,11.0,11.31
VTRS,2000-01-26,11.31,11.31,10.89,11.11
VTRS,2000-01-27,11.33,11.47,11.14,11.31
VTRS,2000-01-28,11.33,12.11,10.97,11.67
VTRS,2000-01-31,11.5,11.83,10.72,11.83
VTRS,2000-02-01,11.83,11.83,11.22,11.42
VTRS,2000-02-02,11.5,11.61,11.25,11.31
VTRS,2000-02-03,11.33,11.39,11.19,11.31
VTRS,2000-02-04,11.33,11.36,11.06,11.14
VTRS,2000-02-07,11.22,11.33,11.11,11.33
VTRS,2000-02-08,11.28,11.33,11.19,11.28
VTRS,2000-02-09,11.28,11.33,11.06,11.08
VTRS,2000-02-10,11.08,11.11,10.89,10.97
VTRS,2000-02-11,10.94,11.06,10.67,10.83
VTRS,2000-02-14,10.81,10.81,10.64,10.75
VTRS,2000-02-15,10.78,11.06,10.56,10.58
VTRS,2000-02-16,10.47,10.61,10.36,10.39
VTRS,2000-02-17,10.36,10.81,10.22,10.81
VTRS,2000-02-18,10.89,11.33,10.83,10.86
VTRS,2000-02-22,11.11,11.17,10.22,10.28
VTRS,2000-02-23,10.39,10.58,10.28,10.28
VTRS,2000-02-24,10.47,10.92,10.33,10.53
VTRS,2000-02-25,10.61,10.97,10.31,10.36
VTRS,2000-02-28,10.31,10.33,10.0,10.08
VTRS,2000-02-29,10.17,10.64,10.17,10.22
VTRS,2000-03-01,10.11,10.42,10.03,10.14
VTRS,2000-03-02,10.11,11.17,10.08,10.72
VTRS,2000-03-03,12.0,13.11,11.83,13.11
VTRS,2000-03-06,13.11,13.11,12.06,12.36
VTRS,2000-03-07,12.42,12.42,11.97,12.11
VTRS,2000-03-08,12.22,12.75,12.22,12.42
VTRS,2000-03-09,12.44,12.67,12.25,12.67
VTRS,2000-03-10,12.44,12.44,12.08,12.39
VTRS,2000-03-13,12.17,12.22,11.89,12.17
VTRS,2000-03-14,12.17,12.19,11.56,11.92
VTRS,2000-03-15,11.86,12.33,11.72,12.31
VTRS,2000-03-16,12.44,13.33,12.42,13.33
VTRS,2000-03-17,13.33,13.33,12.97,13.03
VTRS,2000-03-20,13.03,13.06,12.44,12.47
VTRS,2000-03-21,12.53,13.06,12.5,12.94
VTRS,2000-03-22,12.78,12.78,12.28,12.53
VTRS,2000-03-23,12.56,12.56,12.11,12.44
VTRS,2000-03-24,12.44,12.67,12.22,12.39
VTRS,2000-03-27,12.42,12.42,11.89,12.0
VTRS,2000-03-28,11.94,11.97,11.53,11.61
VTRS,2000-03-29,11.58,11.83,11.5,11.61
VTRS,2000-03-30,11.64,11.94,11.5,11.58
VTRS,2000-03-31,11.64,12.44,11.64,12.22
VTRS,2000-04-03,12.11,12.31,12.06,12.11
VTRS,2000-04-04,12.22,12.89,12.0,12.58
VTRS,2000-04-05,12.56,13.31,12.56,13.17
VTRS,2000-04-06,13.06,13.19,12.92,13.17
VTRS,2000-04-07,13.17,13.61,13.17,13.44
VTRS,2000-04-10,13.33,13.64,13.25,13.44
VTRS,2000-04-11,13.39,13.39,13.11,13.25
VTRS,2000-04-12,13.28,13.31,12.97,13.08
VTRS,2000-04-13,13.14,13.14,12.81,13.14
VTRS,2000-04-14,12.97,13.06,12.36,12.83
VTRS,2000-04-17,12.56,12.58,12.08,12.33
VTRS,2000-04-18,12.28,12.83,12.19,12.72
VTRS,2000-04-19,12.83,13.36,12.72,13.14
VTRS,2000-04-20,13.14,13.14,12.64,12.83
VTRS,2000-04-24,12.72,13.0,12.58,13.0
VTRS,2000-04-25,12.94,13.28,12.44,12.44
VTRS,2000-04-26,12.5,12.67,12.19,12.36
VTRS,2000-04-27,12.28,12.36,12.17,12.33
VTRS,2000-04-28,12.22,12.64,12.17,12.61
VTRS,2000-05-01,12.61,13.03,12.47,12.78
VTRS,2000-05-02,12.94,12.94,12.72,12.78
VTRS,2000-05-03,12.78,12.92,12.69,12.69
VTRS,2000-05-04,12.58,13.72,12.58,13.72
VTRS,2000-05-05,13.67,14.33,13.39,14.33
VTRS,2000-05-08,14.17,14.19,13.81,13.94
VTRS,2000-05-09,14.0,14.28,13.75,14.19
VTRS,2000-05-10,13.89,13.92,13.53,13.81
VTRS,2000-05-11,13.81,13.81,10.0,10.61
VTRS,2000-05-12,10.83,11.42,10.33,11.25
VTRS,2000-05-15,11.39,11.97,11.22,11.67
VTRS,2000-05-16,11.67,11.83,11.44,11.64
VTRS,2000-05-17,11.53,11.58,11.44,11.53
VTRS,2000-05-18,11.53,11.61,11.5,11.58
VTRS,2000-05-19,11.5,11.69,11.44,11.61
VTRS,2000-05-22,11.61,11.75,11.42,11.47
VTRS,2000-05-23,11.58,11.89,11.5,11.72
VTRS,2000-05-24,11.83,11.83,11.47,11.74
VTRS,2000-05-25,11.75,12.17,11.75,12.04
VTRS,2000-05-26,12.08,12.11,11.86,11.93
VTRS,2000-05-30,11.92,11.97,11.81,11.89
VTRS,2000-05-31,11.97,12.08,11.86,11.92
VTRS,2000-06-01,11.94,12.08,11.86,11.86
VTRS,2000-06-02,11.97,12.0,11.81,11.92
VTRS,2000-06-05,11.89,12.28,11.78,12.08
VTRS,2000-06-06,12.0,12.0,11.83,11.89
VTRS,2000-06-07,11.83,11.83,10.81,11.19
VTRS,2000-06-08,11.08,11.08,10.25,10.5
VTRS,2000-06-09,7.42,7.78,7.11,7.69
VTRS,2000-06-12,7.72,8.08,7.69,7.97
VTRS,2000-06-13,8.0,8.11,7.86,7.97
VTRS,2000-06-14,8.0,8.11,7.72,7.75
VTRS,2000-06-15,7.94,8.11,7.83,8.08
VTRS,2000-06-16,8.19,8.19,7.97,8.06
VTRS,2000-06-19,8.11,8.14,7.81,7.83
VTRS,2000-06-20,7.83,7.94,7.78,7.81
VTRS,2000-06-21,7.97,7.97,7.72,7.72
VTRS,2000-06-22,7.64,7.75,7.64,7.69
VTRS,2000-06-23,7.69,7.89,7.44,7.56
VTRS,2000-06-26,7.56,7.64,7.5,7.61
VTRS,2000-06-27,7.61,7.72,7.47,7.69
VTRS,2000-06-28,7.67,7.78,7.44,7.72
VTRS,2000-06-29,7.56,8.0,7.56,7.94
VTRS,2000-06-30,7.97,8.14,7.89,8.06
VTRS,2000-07-03,8.14,8.17,7.83,8.03
VTRS,2000-07-05,7.97,8.42,7.92,8.33
VTRS,2000-07-06,8.44,8.72,8.28,8.31
VTRS,2000-07-07,8.39,8.72,8.33,8.69
VTRS,2000-07-10,8.67,8.86,8.5,8.75
VTRS,2000-07-11,8.75,9.0,8.44,8.44
VTRS,2000-07-12,8.69,8.69,8.22,8.67
VTRS,2000-07-13,8.94,9.0,8.36,8.5
VTRS,2000-07-14,8.5,8.5,8.22,8.33
VTRS,2000-07-17,8.33,9.0,8.28,8.86
VTRS,2000-07-18,8.92,9.06,8.81,8.86
VTRS,2000-07-19,9.11,9.14,8.86,8.89
VTRS,2000-07-20,9.06,9.06,8.72,8.75
VTRS,2000-07-21,8.86,8.86,8.72,8.78
VTRS,2000-07-24,8.81,9.58,8.81,9.53
VTRS,2000-07-25,9.53,9.94,9.36,9.72
VTRS,2000-07-26,9.78,9.78,9.24,9.28
VTRS,2000-07-27,9.33,9.78,9.22,9.72
VTRS,2000-07-28,9.75,9.78,9.44,9.5
VTRS,2000-07-31,9.58,9.69,9.39,9.44
VTRS,2000-08-01,9.5,9.92,9.47,9.5
VTRS,2000-08-02,9.61,9.89,9.61,9.72
VTRS,2000-08-03,9.69,10.17,9.67,10.08
VTRS,2000-08-04,10.08,10.28,9.94,10.11
VTRS,2000-08-07,9.94,10.31,9.94,10.17
VTRS,2000-08-08,10.17,10.22,9.94,9.99
VTRS,2000-08-09,9.89,10.61,9.78,10.08
VTRS,2000-08-10,10.03,10.92,10.0,10.56
VTRS,2000-08-11,10.69,12.22,10.33,12.22
VTRS,2000-08-14,11.69,11.89,11.44,11.58
VTRS,2000-08-15,11.53,11.53,11.19,11.25
VTRS,2000-08-16,11.36,11.53,11.31,11.5
VTRS,2000-08-17,11.11,11.89,11.11,11.89
VTRS,2000-08-18,11.89,12.03,11.56,11.64
VTRS,2000-08-21,11.58,11.97,11.53,11.67
VTRS,2000-08-22,11.69,12.19,11.67,12.19
VTRS,2000-08-23,12.08,12.08,11.67,11.81
VTRS,2000-08-24,11.72,12.19,11.72,12.19
VTRS,2000-08-25,12.19,12.19,11.94,12.14
VTRS,2000-08-28,12.08,12.14,11.81,11.94
VTRS,2000-08-29,11.89,12.06,11.58,11.64
VTRS,2000-08-30,11.58,12.06,11.58,12.0
VTRS,2000-08-31,12.0,12.14,11.81,11.81
VTRS,2000-09-01,12.0,12.06,11.89,12.06
VTRS,2000-09-05,12.06,12.33,12.03,12.22
VTRS,2000-09-06,12.22,12.22,11.56,11.75
VTRS,2000-09-07,11.69,12.42,11.69,12.42
VTRS,2000-09-08,12.42,12.56,12.11,12.28
VTRS,2000-09-11,12.11,12.31,12.06,12.28
VTRS,2000-09-12,12.28,12.44,12.06,12.25
VTRS,2000-09-13,11.83,12.33,11.81,12.08
VTRS,2000-09-14,12.08,12.25,11.33,11.86
VTRS,2000-09-15,11.67,12.0,11.56,11.75
VTRS,2000-09-18,11.75,11.78,11.44,11.56
VTRS,2000-09-19,11.53,11.53,10.75,11.0
VTRS,2000-09-20,11.0,12.28,10.83,11.92
VTRS,2000-09-21,11.81,12.06,11.53,11.86
VTRS,2000-09-22,11.86,12.0,11.42,11.97
VTRS,2000-09-25,11.97,12.06,11.47,11.81
VTRS,2000-09-26,11.83,12.22,11.75,12.11
VTRS,2000-09-27,12.17,12.75,12.11,12.39
VTRS,2000-09-28,12.33,12.36,12.11,12.17
VTRS,2000-09-29,12.19,12.25,11.69,11.97
VTRS,2000-10-02,11.86,12.67,11.83,12.47
VTRS,2000-10-03,12.47,12.78,12.22,12.36
VTRS,2000-10-04,12.25,12.25,11.75,12.14
VTRS,2000-10-05,12.19,12.47,12.17,12.44
VTRS,2000-10-06,12.44,12.72,12.14,12.17
VTRS,2000-10-09,12.22,12.22,11.97,12.0
VTRS,2000-10-10,11.97,12.75,11.97,12.69
VTRS,2000-10-11,12.67,12.78,12.28,12.53
VTRS,2000-10-12,12.44,12.5,12.03,12.28
VTRS,2000-10-13,12.17,12.22,11.81,12.06
VTRS,2000-10-16,11.89,12.83,11.89,12.69
VTRS,2000-10-17,12.67,13.31,12.67,13.11
VTRS,2000-10-18,12.78,13.03,12.44,13.0
VTRS,2000-10-19,13.0,13.08,12.61,12.83
VTRS,2000-10-20,12.83,13.33,12.72,13.33
VTRS,2000-10-23,13.22,13.31,13.14,13.14
VTRS,2000-10-24,13.0,13.08,11.33,12.14
VTRS,2000-10-25,12.14,12.19,11.69,11.94
VTRS,2000-10-26,12.0,12.47,11.89,12.19
VTRS,2000-10-27,12.11,12.17,12.0,12.14
VTRS,2000-10-30,11.78,12.81,11.33,12.58
VTRS,2000-10-31,12.44,12.56,12.14,12.44
VTRS,2000-11-01,12.44,13.06,12.36,12.81
VTRS,2000-11-02,12.72,13.06,12.58,13.06
VTRS,2000-11-03,12.94,13.14,12.69,12.78
VTRS,2000-11-06,12.89,13.33,12.67,13.33
VTRS,2000-11-07,13.31,13.31,12.86,13.11
VTRS,2000-11-08,13.22,13.31,13.08,13.28
VTRS,2000-11-09,13.28,13.28,12.61,13.03
VTRS,2000-11-10,12.97,13.25,12.58,12.61
VTRS,2000-11-13,12.56,12.56,11.67,12.11
VTRS,2000-11-14,12.17,12.72,12.14,12.39
VTRS,2000-11-15,12.42,12.56,12.22,12.31
VTRS,2000-11-16,12.42,12.42,12.06,12.17
VTRS,2000-11-17,12.08,12.31,11.89,12.19
VTRS,2000-11-20,12.11,12.11,11.19,11.67
VTRS,2000-11-21,11.78,12.08,9.97,10.22
VTRS,2000-11-22,10.22,10.25,9.81,10.0
VTRS,2000-11-24,10.06,10.11,10.0,10.11
VTRS,2000-11-27,10.19,10.5,10.17,10.28
VTRS,2000-11-28,10.33,10.36,10.11,10.25
VTRS,2000-11-29,10.22,10.58,10.17,10.28
VTRS,2000-11-30,10.19,10.83,10.17,10.64
VTRS,2000-12-01,10.64,11.42,10.64,11.36
VTRS,2000-12-04,11.28,11.44,10.67,10.97
VTRS,2000-12-05,10.97,11.39,10.97,11.36
VTRS,2000-12-06,11.72,11.81,11.47,11.64
VTRS,2000-12-07,11.64,11.89,11.5,11.67
VTRS,2000-12-08,11.75,12.0,11.44,11.97
VTRS,2000-12-11,12.06,12.22,11.81,11.86
VTRS,2000-12-12,11.69,11.94,11.28,11.31
VTRS,2000-12-13,11.42,11.83,11.25,11.39
VTRS,2000-12-14,11.39,11.58,11.17,11.19
VTRS,2000-12-15,11.11,11.31,11.11,11.17
VTRS,2000-12-18,11.31,11.31,11.11,11.22
VTRS,2000-12-19,11.22,11.5,11.22,11.44
VTRS,2000-12-20,11.42,11.42,11.14,11.19
VTRS,2000-12-21,11.14,11.47,11.0,11.25
VTRS,2000-12-22,11.28,11.53,11.17,11.5
VTRS,2000-12-26,11.5,11.72,11.19,11.39
VTRS,2000-12-27,11.25,11.42,11.03,11.33
VTRS,2000-12-28,11.22,11.5,11.14,11.33
VTRS,2000-12-29,11.33,11.33,10.94,11.19
VTRS,2001-01-02,11.08,11.28,10.89,10.97
VTRS,2001-01-03,10.86,11.03,10.33,10.36
VTRS,2001-01-04,10.36,10.61,9.33,9.81
VTRS,2001-01-05,9.81,9.89,9.39,9.42
VTRS,2001-01-08,9.58,9.78,9.58,9.72
VTRS,2001-01-09,9.78,10.14,9.72,9.92
VTRS,2001-01-10,9.94,10.06,9.5,9.5
VTRS,2001-01-11,9.44,9.75,9.44,9.69
VTRS,2001-01-12,9.81,10.08,9.64,9.72
VTRS,2001-01-16,9.83,10.78,9.83,10.44
VTRS,2001-01-17,10.56,10.72,10.17,10.17
VTRS,2001-01-18,10.22,10.28,9.92,10.03
VTRS,2001-01-19,9.97,10.08,9.83,9.86
VTRS,2001-01-22,9.78,9.97,9.64,9.64
VTRS,2001-01-23,9.72,9.94,9.67,9.83
VTRS,2001-01-24,9.78,10.03,9.72,9.86
VTRS,2001-01-25,9.78,10.14,9.75,9.89
VTRS,2001-01-26,9.83,10.33,9.81,10.08
VTRS,2001-01-29,10.13,10.6,10.09,10.37
VTRS,2001-01-30,10.0,10.59,10.0,10.41
VTRS,2001-01-31,10.47,10.51,10.22,10.38
VTRS,2001-02-01,10.29,10.56,10.22,10.38
VTRS,2001-02-02,10.38,10.49,10.33,10.34
VTRS,2001-02-05,10.18,10.34,10.18,10.29
VTRS,2001-02-06,10.29,10.47,10.13,10.16
VTRS,2001-02-07,10.12,10.22,9.85,10.01
VTRS,2001-02-08,10.05,10.22,9.83,10.22
VTRS,2001-02-09,10.22,10.51,10.02,10.27
VTRS,2001-02-12,10.27,10.56,10.25,10.55
VTRS,2001-02-13,10.55,10.55,10.33,10.48
VTRS,2001-02-14,10.49,10.51,10.27,10.38
VTRS,2001-02-15,10.38,10.47,10.24,10.45
VTRS,2001-02-16,10.27,10.39,10.22,10.32
VTRS,2001-02-20,10.27,10.3,10.0,10.3
VTRS,2001-02-21,10.51,10.55,10.11,10.24
VTRS,2001-02-22,10.13,10.24,9.96,10.24
VTRS,2001-02-23,10.24,10.24,9.63,9.88
VTRS,2001-02-26,9.93,10.44,9.89,10.39
VTRS,2001-02-27,10.28,10.28,10.0,10.09
VTRS,2001-02-28,10.12,10.56,10.12,10.4
VTRS,2001-03-01,10.42,10.44,9.97,10.07
VTRS,2001-03-02,10.07,10.51,10.07,10.44
VTRS,2001-03-05,10.4,10.4,10.11,10.14
VTRS,2001-03-06,10.16,10.18,9.99,10.13
VTRS,2001-03-07,10.07,10.09,9.84,9.92
VTRS,2001-03-08,9.88,9.96,9.69,9.76
VTRS,2001-03-09,9.77,10.0,9.74,9.8
VTRS,2001-03-12,9.89,9.89,9.33,9.33
VTRS,2001-03-13,9.27,10.36,9.13,10.11
VTRS,2001-03-14,9.93,10.2,9.78,9.84
VTRS,2001-03-15,9.84,10.09,9.72,9.78
VTRS,2001-03-16,9.98,9.98,9.48,9.6
VTRS,2001-03-19,9.6,10.1,9.53,10.02
VTRS,2001-03-20,10.02,10.17,9.97,10.04
VTRS,2001-03-21,10.0,10.0,9.71,9.72
VTRS,2001-03-22,9.69,9.69,8.96,9.35
VTRS,2001-03-23,9.56,9.78,9.56,9.77
VTRS,2001-03-26,9.91,9.95,9.76,9.8
VTRS,2001-03-27,9.92,10.35,9.89,10.29
VTRS,2001-03-28,10.25,11.2,10.24,11.1
VTRS,2001-03-29,11.16,11.88,10.98,11.12
VTRS,2001-03-30,11.11,11.53,11.01,11.49
VTRS,2001-04-02,11.44,11.44,10.58,10.81
VTRS,2001-04-03,10.81,10.81,10.28,10.68
VTRS,2001-04-04,10.67,10.92,10.44,10.88
VTRS,2001-04-05,11.0,11.31,10.84,11.18
VTRS,2001-04-06,10.91,11.36,10.78,10.96
VTRS,2001-04-09,11.09,11.12,10.88,10.99
VTRS,2001-04-10,11.09,11.09,10.69,10.93
VTRS,2001-04-11,11.04,11.04,10.66,10.75
VTRS,2001-04-12,10.75,11.22,10.66,11.22
VTRS,2001-04-16,11.11,11.15,10.98,10.99
VTRS,2001-04-17,11.0,11.12,11.0,11.04
VTRS,2001-04-18,11.11,11.38,11.08,11.22
VTRS,2001-04-19,11.22,11.55,11.22,11.48
VTRS,2001-04-20,11.48,11.61,11.43,11.58
VTRS,2001-04-23,11.47,11.62,11.3,11.46
VTRS,2001-04-24,11.44,11.44,11.28,11.33
VTRS,2001-04-25,11.33,11.57,11.22,11.54
VTRS,2001-04-26,11.54,11.68,11.32,11.68
VTRS,2001-04-27,11.64,11.85,11.47,11.6
VTRS,2001-04-30,11.64,12.0,11.63,11.88
VTRS,2001-05-01,11.88,11.88,11.16,11.85
VTRS,2001-05-02,11.85,11.89,11.76,11.77
VTRS,2001-05-03,11.78,11.78,11.51,11.6
VTRS,2001-05-04,11.56,11.96,11.53,11.96
VTRS,2001-05-07,11.89,11.95,11.76,11.79
VTRS,2001-05-08,11.96,12.61,11.91,12.58
VTRS,2001-05-09,12.47,12.67,12.11,12.61
VTRS,2001-05-10,12.7,12.8,12.59,12.73
VTRS,2001-05-11,12.72,12.96,12.36,12.37
VTRS,2001-05-14,12.51,12.52,12.27,12.4
VTRS,2001-05-15,12.44,12.47,12.33,12.4
VTRS,2001-05-16,12.38,12.87,12.38,12.49
VTRS,2001-05-17,12.51,12.88,12.5,12.88
VTRS,2001-05-18,12.8,12.93,12.56,12.84
VTRS,2001-05-21,12.84,13.02,12.79,13.0
VTRS,2001-05-22,13.0,13.29,12.8,13.29
VTRS,2001-05-23,13.22,13.6,13.13,13.56
VTRS,2001-05-24,13.4,13.64,13.32,13.62
VTRS,2001-05-25,13.55,13.7,13.11,13.49
VTRS,2001-05-29,13.55,14.21,13.55,13.88
VTRS,2001-05-30,13.89,14.06,13.72,13.72
VTRS,2001-05-31,13.51,14.14,13.51,14.14
VTRS,2001-06-01,14.2,14.4,13.91,13.96
VTRS,2001-06-04,13.87,13.93,13.69,13.77
VTRS,2001-06-05,13.78,14.17,13.69,13.73
VTRS,2001-06-06,13.76,13.96,13.2,13.4
VTRS,2001-06-07,13.47,13.47,13.28,13.47
VTRS,2001-06-08,13.53,13.53,13.21,13.29
VTRS,2001-06-11,13.31,13.34,11.33,11.5
VTRS,2001-06-12,11.29,11.75,11.2,11.48
VTRS,2001-06-13,11.48,11.59,11.27,11.27
VTRS,2001-06-14,11.38,11.56,11.26,11.34
VTRS,2001-06-15,11.11,11.4,11.11,11.2
VTRS,2001-06-18,11.33,11.38,10.95,11.16
VTRS,2001-06-19,11.07,11.67,11.06,11.6
VTRS,2001-06-20,11.6,12.14,11.6,12.09
VTRS,2001-06-21,12.16,12.67,12.11,12.66
VTRS,2001-06-22,12.66,12.71,12.0,12.24
VTRS,2001-06-25,12.24,12.41,11.9,12.23
VTRS,2001-06-26,12.22,12.36,12.14,12.22
VTRS,2001-06-27,12.23,12.84,12.23,12.58
VTRS,2001-06-28,12.63,13.16,12.63,12.91
VTRS,2001-06-29,12.92,12.97,12.5,12.5
VTRS,2001-07-02,12.56,12.65,12.56,12.58
VTRS,2001-07-03,12.58,12.77,12.58,12.67
VTRS,2001-07-05,12.67,12.75,12.62,12.62
VTRS,2001-07-06,12.62,12.64,12.4,12.59
VTRS,2001-07-09,12.63,12.77,12.6,12.74
VTRS,2001-07-10,12.74,12.74,12.62,12.71
VTRS,2001-07-11,12.84,12.97,12.67,12.91
VTRS,2001-07-12,12.92,13.14,12.83,12.89
VTRS,2001-07-13,12.89,13.29,12.87,12.89
VTRS,2001-07-16,12.8,12.98,12.73,12.76
VTRS,2001-07-17,12.76,13.09,12.76,13.05
VTRS,2001-07-18,12.96,13.04,12.71,12.94
VTRS,2001-07-19,12.97,13.11,12.83,12.93
VTRS,2001-07-20,12.96,13.34,12.93,13.1
VTRS,2001-07-23,13.06,13.69,13.0,13.69
VTRS,2001-07-24,13.64,13.8,13.04,13.33
VTRS,2001-07-25,13.99,14.29,13.87,14.27
VTRS,2001-07-26,14.36,14.38,13.87,14.27
VTRS,2001-07-27,14.29,14.77,14.29,14.62
VTRS,2001-07-30,14.89,14.98,13.78,14.93
VTRS,2001-07-31,14.87,15.13,14.85,15.0
VTRS,2001-08-01,15.02,15.02,14.63,14.92
VTRS,2001-08-02,14.92,14.99,14.51,14.6
VTRS,2001-08-03,14.62,14.73,14.33,14.62
VTRS,2001-08-06,14.63,15.05,14.63,14.98
VTRS,2001-08-07,14.87,15.22,14.67,15.17
VTRS,2001-08-08,15.17,15.29,14.98,15.06
VTRS,2001-08-09,15.0,15.0,14.44,14.67
VTRS,2001-08-10,14.67,14.76,14.58,14.64
VTRS,2001-08-13,14.64,14.66,14.49,14.63
VTRS,2001-08-14,14.64,15.02,14.63,15.02
VTRS,2001-08-15,15.0,15.22,14.96,15.17
VTRS,2001-08-16,15.13,15.22,15.11,15.2
VTRS,2001-08-17,15.2,15.38,15.07,15.38
VTRS,2001-08-20,14.78,14.96,14.62,14.86
VTRS,2001-08-21,15.11,15.5,15.02,15.11
VTRS,2001-08-22,15.11,15.11,14.84,15.01
VTRS,2001-08-23,15.03,15.55,15.01,15.53
VTRS,2001-08-24,15.53,15.91,15.42,15.78
VTRS,2001-08-27,15.78,16.0,15.69,15.84
VTRS,2001-08-28,15.82,15.84,15.38,15.52
VTRS,2001-08-29,15.52,15.55,15.22,15.31
VTRS,2001-08-30,15.31,15.31,14.8,15.04
VTRS,2001-08-31,15.11,15.15,14.53,14.66
VTRS,2001-09-04,14.67,14.93,14.64,14.72
VTRS,2001-09-05,14.73,15.03,14.67,14.86
VTRS,2001-09-06,14.81,14.85,14.69,14.76
VTRS,2001-09-07,14.75,14.76,14.65,14.71
VTRS,2001-09-10,14.63,14.73,14.4,14.59
VTRS,2001-09-17,14.48,14.5,14.05,14.1
VTRS,2001-09-18,14.12,14.42,13.98,13.98
VTRS,2001-09-19,13.13,13.42,12.82,13.27
VTRS,2001-09-20,13.27,13.6,12.98,13.04
VTRS,2001-09-21,12.33,13.13,12.31,13.13
VTRS,2001-09-24,13.47,13.9,13.22,13.27
VTRS,2001-09-25,13.29,14.0,13.23,14.0
VTRS,2001-09-26,13.94,14.13,13.88,14.03
VTRS,2001-09-27,14.08,14.16,13.76,14.08
VTRS,2001-09-28,14.16,14.98,14.16,14.5
VTRS,2001-10-01,14.44,15.12,14.39,14.99
VTRS,2001-10-02,15.1,15.43,14.98,15.2
VTRS,2001-10-03,15.07,15.77,15.04,15.6
VTRS,2001-10-04,15.78,16.44,15.31,15.49
VTRS,2001-10-05,15.49,15.73,14.67,15.66
VTRS,2001-10-08,15.78,16.09,15.49,15.84
VTRS,2001-10-09,15.78,15.91,15.64,15.71
VTRS,2001-10-10,15.69,15.91,15.55,15.69
VTRS,2001-10-11,15.95,16.31,15.86,15.96
VTRS,2001-10-12,15.87,16.09,15.53,15.54
VTRS,2001-10-15,13.44,14.26,13.11,14.16
VTRS,2001-10-16,14.18,14.83,14.17,14.8
VTRS,2001-10-17,14.85,15.0,14.29,14.68
VTRS,2001-10-18,14.68,14.91,14.42,14.62
VTRS,2001-10-19,14.67,15.08,14.67,15.04
VTRS,2001-10-22,15.02,15.37,14.94,15.22
VTRS,2001-10-23,15.22,15.31,14.73,14.91
VTRS,2001-10-24,14.91,15.31,14.87,15.06
VTRS,2001-10-25,15.33,15.93,15.11,15.55
VTRS,2001-10-26,15.78,16.8,15.74,16.31
VTRS,2001-10-29,16.36,16.64,16.27,16.45
VTRS,2001-10-30,16.44,16.44,16.09,16.33
VTRS,2001-10-31,16.31,16.67,16.31,16.39
VTRS,2001-11-01,16.35,16.35,16.22,16.32
VTRS,2001-11-02,16.34,16.56,16.3,16.4
VTRS,2001-11-05,16.44,16.76,16.4,16.65
VTRS,2001-11-06,16.69,16.84,15.06,15.84
VTRS,2001-11-07,15.56,15.66,15.2,15.46
VTRS,2001-11-08,15.5,15.71,14.67,15.08
VTRS,2001-11-09,15.25,15.25,14.58,15.0
VTRS,2001-11-12,14.96,15.35,14.8,15.16
VTRS,2001-11-13,14.53,14.95,13.93,14.24
VTRS,2001-11-14,14.23,14.24,13.64,13.93
VTRS,2001-11-15,13.89,14.33,13.8,14.27
VTRS,2001-11-16,14.36,14.53,14.12,14.22
VTRS,2001-11-19,14.2,14.84,14.2,14.81
VTRS,2001-11-20,14.97,15.24,14.87,15.06
VTRS,2001-11-21,15.24,15.32,14.96,15.21
VTRS,2001-11-23,15.28,15.33,15.07,15.26
VTRS,2001-11-26,15.2,15.47,15.11,15.44
VTRS,2001-11-27,15.49,15.59,15.28,15.4
VTRS,2001-11-28,15.51,15.53,15.32,15.34
VTRS,2001-11-29,15.33,15.33,15.0,15.27
VTRS,2001-11-30,15.27,15.46,15.18,15.32
VTRS,2001-12-03,15.53,15.53,15.2,15.33
VTRS,2001-12-04,15.44,15.49,15.22,15.44
VTRS,2001-12-05,15.44,15.47,15.31,15.44
VTRS,2001-12-06,15.22,15.78,15.22,15.5
VTRS,2001-12-07,15.53,15.77,15.43,15.46
VTRS,2001-12-10,15.35,15.76,15.24,15.56
VTRS,2001-12-11,15.56,15.56,15.31,15.43
VTRS,2001-12-12,15.42,15.62,15.11,15.47
VTRS,2001-12-13,15.47,16.08,15.44,15.64
VTRS,2001-12-14,15.8,16.08,15.67,16.03
VTRS,2001-12-17,16.67,16.67,16.18,16.39
VTRS,2001-12-18,16.64,16.89,16.47,16.61
VTRS,2001-12-19,16.6,16.71,16.36,16.56
VTRS,2001-12-20,16.67,16.76,16.56,16.61
VTRS,2001-12-21,16.62,16.86,16.51,16.63
VTRS,2001-12-24,16.78,16.83,16.33,16.78
VTRS,2001-12-26,16.83,16.88,16.61,16.75
VTRS,2001-12-27,16.8,16.82,16.62,16.62
VTRS,2001-12-28,16.73,16.94,16.69,16.85
VTRS,2001-12-31,16.87,16.87,16.56,16.67
VTRS,2002-01-02,16.56,16.56,15.92,16.09
VTRS,2002-01-03,16.11,16.22,15.84,15.85
VTRS,2002-01-04,15.74,15.87,15.51,15.68
VTRS,2002-01-07,15.87,15.92,15.72,15.84
VTRS,2002-01-08,15.85,16.0,15.73,15.9
VTRS,2002-01-09,15.93,16.24,15.93,16.03
VTRS,2002-01-10,16.04,16.11,15.88,16.0
VTRS,2002-01-11,16.0,16.13,16.0,16.08
VTRS,2002-01-14,16.2,16.25,15.93,15.99
VTRS,2002-01-15,15.96,16.09,15.78,15.92
VTRS,2002-01-16,15.92,15.99,15.8,15.84
VTRS,2002-01-17,15.96,16.0,15.64,15.83
VTRS,2002-01-18,15.83,15.89,15.71,15.78
VTRS,2002-01-22,15.79,16.0,15.75,15.93
VTRS,2002-01-23,15.99,16.13,15.87,16.04
VTRS,2002-01-24,16.04,16.22,14.78,15.16
VTRS,2002-01-25,15.16,15.25,14.71,14.88
VTRS,2002-01-28,15.0,15.18,14.71,14.75
VTRS,2002-01-29,14.78,15.0,14.57,14.61
VTRS,2002-01-30,14.69,14.74,14.52,14.56
VTRS,2002-01-31,14.69,15.16,14.62,14.97
VTRS,2002-02-01,15.11,15.24,15.07,15.18
VTRS,2002-02-04,15.11,15.11,14.47,14.6
VTRS,2002-02-05,14.6,15.18,14.6,14.93
VTRS,2002-02-06,15.02,15.02,14.66,14.71
VTRS,2002-02-07,14.53,14.56,13.93,14.28
VTRS,2002-02-08,14.31,14.88,14.29,14.77
VTRS,2002-02-11,14.89,14.91,14.71,14.77
VTRS,2002-02-12,14.77,15.07,14.71,14.98
VTRS,2002-02-13,15.0,15.02,14.85,14.98
VTRS,2002-02-14,15.0,15.04,14.78,14.8
VTRS,2002-02-15,14.73,14.77,14.64,14.76
VTRS,2002-02-19,14.76,14.76,14.18,14.39
VTRS,2002-02-20,14.44,14.58,13.81,14.16
VTRS,2002-02-21,14.16,14.29,13.98,14.04
VTRS,2002-02-22,14.16,14.22,13.79,13.93
VTRS,2002-02-25,14.0,14.0,13.89,13.94
VTRS,2002-02-26,14.0,14.13,13.78,13.98
VTRS,2002-02-27,14.02,14.2,13.89,14.02
VTRS,2002-02-28,14.02,14.13,13.12,13.5
VTRS,2002-03-01,13.56,13.77,13.27,13.6
VTRS,2002-03-04,13.78,13.93,13.62,13.68
VTRS,2002-03-05,13.31,13.94,12.8,13.59
VTRS,2002-03-06,13.6,14.01,13.46,14.0
VTRS,2002-03-07,14.14,14.14,13.71,13.75
VTRS,2002-03-08,13.8,13.96,13.33,13.42
VTRS,2002-03-11,13.44,13.57,13.38,13.45
VTRS,2002-03-12,13.45,13.64,13.38,13.51
VTRS,2002-03-13,13.51,14.02,13.51,13.78
VTRS,2002-03-14,13.89,14.15,13.8,14.08
VTRS,2002-03-15,14.13,14.2,14.0,14.13
VTRS,2002-03-18,14.13,14.27,14.08,14.22
VTRS,2002-03-19,14.27,14.42,14.2,14.24
VTRS,2002-03-20,14.25,14.28,14.0,14.11
VTRS,2002-03-21,13.99,13.99,13.53,13.94
VTRS,2002-03-22,13.94,14.0,13.81,13.87
VTRS,2002-03-25,13.81,13.87,13.38,13.51
VTRS,2002-03-26,13.58,13.64,13.29,13.32
VTRS,2002-03-27,13.38,13.43,13.12,13.33
VTRS,2002-03-28,13.33,13.49,13.03,13.09
VTRS,2002-04-01,13.08,13.08,12.83,12.85
VTRS,2002-04-02,12.84,12.89,12.62,12.8
VTRS,2002-04-03,12.82,12.93,12.28,12.49
VTRS,2002-04-04,12.49,12.62,12.24,12.44
VTRS,2002-04-05,12.44,12.49,12.12,12.18
VTRS,2002-04-08,12.07,12.36,11.71,12.11
VTRS,2002-04-09,12.13,12.41,12.1,12.31
VTRS,2002-04-10,12.36,12.81,12.35,12.8
VTRS,2002-04-11,12.63,12.94,12.61,12.62
VTRS,2002-04-12,12.6,12.6,12.24,12.4
VTRS,2002-04-15,12.44,12.56,12.29,12.4
VTRS,2002-04-16,12.51,12.53,12.29,12.4
VTRS,2002-04-17,12.51,12.53,12.0,12.04
VTRS,2002-04-18,12.0,12.18,11.94,12.09
VTRS,2002-04-19,12.11,12.22,12.04,12.16
VTRS,2002-04-22,12.09,12.13,11.99,12.11
VTRS,2002-04-23,12.18,12.31,12.04,12.24
VTRS,2002-04-24,12.27,12.62,12.23,12.34
VTRS,2002-04-25,12.38,12.53,12.19,12.2
VTRS,2002-04-26,12.18,12.31,12.0,12.0
VTRS,2002-04-29,12.07,12.21,11.66,11.84
VTRS,2002-04-30,11.79,11.89,11.71,11.77
VTRS,2002-05-01,11.87,11.96,11.79,11.87
VTRS,2002-05-02,11.87,11.87,11.58,11.62
VTRS,2002-05-03,11.63,11.87,11.47,11.75
VTRS,2002-05-06,11.76,11.78,11.31,11.35
VTRS,2002-05-07,11.42,11.6,11.16,11.18
VTRS,2002-05-08,11.69,12.31,11.49,12.12
VTRS,2002-05-09,12.17,12.36,11.99,12.0
VTRS,2002-05-10,12.09,12.09,11.78,11.9
VTRS,2002-05-13,11.96,12.05,11.78,11.88
VTRS,2002-05-14,12.0,12.4,11.93,12.28
VTRS,2002-05-15,12.38,12.77,12.33,12.56
VTRS,2002-05-16,12.56,12.62,12.18,12.41
VTRS,2002-05-17,12.44,13.03,12.43,12.94
VTRS,2002-05-20,13.31,13.65,13.2,13.42
VTRS,2002-05-21,13.47,13.56,13.31,13.39
VTRS,2002-05-22,13.33,13.5,13.29,13.44
VTRS,2002-05-23,13.44,13.89,13.44,13.84
VTRS,2002-05-24,13.78,13.88,13.37,13.48
VTRS,2002-05-28,13.51,13.71,13.36,13.67
VTRS,2002-05-29,13.53,13.67,13.44,13.44
VTRS,2002-05-30,13.46,13.6,13.39,13.56
VTRS,2002-05-31,13.56,13.79,13.52,13.75
VTRS,2002-06-03,13.64,13.67,13.23,13.27
VTRS,2002-06-04,13.24,13.4,13.09,13.38
VTRS,2002-06-05,13.33,13.47,13.19,13.4
VTRS,2002-06-06,13.36,13.38,13.2,13.29
VTRS,2002-06-07,13.2,13.59,13.16,13.53
VTRS,2002-06-10,13.51,13.84,13.51,13.79
VTRS,2002-06-11,13.89,14.14,13.22,13.22
VTRS,2002-06-12,13.2,13.41,13.07,13.33
VTRS,2002-06-13,13.31,13.42,13.14,13.3
VTRS,2002-06-14,13.27,13.77,13.09,13.76
VTRS,2002-06-17,13.76,14.15,13.67,14.04
VTRS,2002-06-18,14.04,14.22,14.04,14.18
VTRS,2002-06-19,14.17,14.22,14.05,14.11
VTRS,2002-06-20,14.09,14.24,13.91,14.12
VTRS,2002-06-21,14.04,14.13,13.61,13.64
VTRS,2002-06-24,13.62,13.69,13.32,13.52
VTRS,2002-06-25,13.52,13.52,13.02,13.19
VTRS,2002-06-26,13.11,13.29,12.83,13.27
VTRS,2002-06-27,13.36,13.81,13.27,13.71
VTRS,2002-06-28,13.73,14.18,13.69,13.93
VTRS,2002-07-01,13.82,13.83,13.4,13.42
VTRS,2002-07-02,13.38,13.42,12.84,12.91
VTRS,2002-07-03,12.93,13.05,12.53,13.04
VTRS,2002-07-05,13.09,13.69,13.0,13.65
VTRS,2002-07-08,13.47,13.56,13.2,13.33
VTRS,2002-07-09,13.42,13.56,12.86,12.94
VTRS,2002-07-10,12.96,13.04,12.23,12.36
VTRS,2002-07-11,12.29,13.11,11.82,13.11
VTRS,2002-07-12,13.13,13.29,12.85,12.94
VTRS,2002-07-15,12.87,13.04,12.4,12.93
VTRS,2002-07-16,12.73,13.27,12.65,12.96
VTRS,2002-07-17,13.08,13.4,13.03,13.33
VTRS,2002-07-18,13.24,13.38,12.91,12.96
VTRS,2002-07-19,12.82,13.22,12.69,12.98
VTRS,2002-07-22,12.81,13.14,12.09,12.38
VTRS,2002-07-23,12.25,12.46,11.94,12.22
VTRS,2002-07-24,12.04,12.67,11.6,12.44
VTRS,2002-07-25,12.56,13.22,12.56,12.88
VTRS,2002-07-26,12.84,13.28,12.83,13.19
VTRS,2002-07-29,13.44,13.98,13.37,13.76
VTRS,2002-07-30,13.75,14.33,13.58,14.2
VTRS,2002-07-31,14.2,14.48,13.78,14.42
VTRS,2002-08-01,14.42,14.56,13.89,13.96
VTRS,2002-08-02,13.84,14.44,13.78,14.42
VTRS,2002-08-05,14.31,14.42,13.68,13.83
VTRS,2002-08-06,14.02,14.47,13.92,14.32
VTRS,2002-08-07,14.36,14.71,14.13,14.62
VTRS,2002-08-08,14.51,15.13,14.5,15.08
VTRS,2002-08-09,14.84,15.22,14.62,14.78
VTRS,2002-08-12,14.78,14.84,14.6,14.71
VTRS,2002-08-13,14.67,14.7,14.29,14.31
VTRS,2002-08-14,14.44,14.89,14.36,14.8
VTRS,2002-08-15,14.84,15.07,14.76,14.9
VTRS,2002-08-16,14.89,15.07,14.8,14.94
VTRS,2002-08-19,14.93,15.04,14.58,15.0
VTRS,2002-08-20,14.89,14.89,14.58,14.65
VTRS,2002-08-21,14.68,14.84,14.6,14.79
VTRS,2002-08-22,14.8,15.06,14.76,15.0
VTRS,2002-08-23,15.0,15.18,14.84,14.89
VTRS,2002-08-26,14.87,14.93,14.49,14.79
VTRS,2002-08-27,14.87,14.88,14.31,14.44
VTRS,2002-08-28,14.36,14.36,14.18,14.23
VTRS,2002-08-29,14.22,14.69,14.18,14.59
VTRS,2002-08-30,14.55,14.66,14.44,14.51
VTRS,2002-09-03,14.4,14.47,14.06,14.22
VTRS,2002-09-04,14.22,14.78,14.16,14.73
VTRS,2002-09-05,14.67,14.67,14.36,14.36
VTRS,2002-09-06,14.47,14.72,14.47,14.64
VTRS,2002-09-09,14.64,14.98,14.44,14.87
VTRS,2002-09-10,14.89,15.04,14.82,14.96
VTRS,2002-09-11,14.97,15.16,14.77,14.88
VTRS,2002-09-12,14.62,14.84,14.48,14.58
VTRS,2002-09-13,14.58,14.64,14.48,14.58
VTRS,2002-09-16,14.47,14.62,14.38,14.51
VTRS,2002-09-17,14.47,14.51,14.28,14.28
VTRS,2002-09-18,14.18,14.73,14.13,14.49
VTRS,2002-09-19,14.27,14.36,14.09,14.11
VTRS,2002-09-20,14.16,14.21,13.96,14.1
VTRS,2002-09-23,13.93,14.04,13.6,13.74
VTRS,2002-09-24,13.56,13.88,13.42,13.81
VTRS,2002-09-25,13.92,14.45,13.89,14.4
VTRS,2002-09-26,14.42,14.71,14.22,14.68
VTRS,2002-09-27,14.57,14.78,14.29,14.29
VTRS,2002-09-30,14.18,14.62,14.02,14.55
VTRS,2002-10-01,14.73,14.82,14.56,14.67
VTRS,2002-10-02,14.58,15.0,14.58,14.69
VTRS,2002-10-03,14.76,15.11,14.67,14.86
VTRS,2002-10-04,14.88,14.93,14.49,14.57
VTRS,2002-10-07,14.36,14.51,13.94,14.22
VTRS,2002-10-08,14.29,14.44,14.14,14.36
VTRS,2002-10-09,14.36,14.36,13.9,13.98
VTRS,2002-10-10,13.98,14.29,13.65,14.0
VTRS,2002-10-11,14.11,14.56,14.0,14.36
VTRS,2002-10-14,13.89,14.64,13.84,14.64
VTRS,2002-10-15,14.96,15.08,14.56,14.58
VTRS,2002-10-16,14.22,14.49,13.96,13.99
VTRS,2002-10-17,14.22,14.44,13.69,13.69
VTRS,2002-10-18,13.69,13.76,13.29,13.48
VTRS,2002-10-21,13.64,13.9,13.6,13.8
VTRS,2002-10-22,13.51,13.63,13.33,13.44
VTRS,2002-10-23,13.11,13.33,12.79,13.33
VTRS,2002-10-24,13.33,13.42,13.08,13.16
VTRS,2002-10-25,13.11,13.47,13.07,13.38
VTRS,2002-10-28,13.62,13.87,13.44,13.55
VTRS,2002-10-29,13.53,14.02,13.51,13.73
VTRS,2002-10-30,13.76,14.08,13.76,14.04
VTRS,2002-10-31,14.07,14.27,13.87,13.99
VTRS,2002-11-01,14.0,14.28,13.71,14.27
VTRS,2002-11-04,14.45,14.58,14.22,14.27
VTRS,2002-11-05,14.26,14.52,14.03,14.4
VTRS,2002-11-06,14.41,14.71,14.31,14.53
VTRS,2002-11-07,14.53,14.53,14.11,14.22
VTRS,2002-11-08,14.27,14.45,14.03,14.44
VTRS,2002-11-11,14.69,14.8,14.42,14.56
VTRS,2002-11-12,14.56,14.73,14.4,14.59
VTRS,2002-11-13,14.48,14.53,13.84,14.08
VTRS,2002-11-14,14.25,14.79,14.25,14.77
VTRS,2002-11-15,14.78,15.09,14.78,14.99
VTRS,2002-11-18,15.0,15.07,14.87,14.93
VTRS,2002-11-19,14.87,14.89,14.57,14.6
VTRS,2002-11-20,14.67,14.73,14.55,14.68
VTRS,2002-11-21,14.78,14.89,14.51,14.8
VTRS,2002-11-22,14.8,15.34,14.78,15.25
VTRS,2002-11-25,15.31,15.38,15.07,15.24
VTRS,2002-11-26,15.2,15.47,14.96,15.1
VTRS,2002-11-27,15.21,15.24,15.08,15.16
VTRS,2002-11-29,15.2,15.2,14.93,14.99
VTRS,2002-12-02,15.11,15.18,14.94,14.99
VTRS,2002-12-03,14.91,14.96,14.69,14.76
VTRS,2002-12-04,14.67,14.71,14.4,14.63
VTRS,2002-12-05,14.73,14.75,14.38,14.72
VTRS,2002-12-06,14.64,14.71,14.49,14.68
VTRS,2002-12-09,14.6,14.87,14.58,14.59
VTRS,2002-12-10,14.7,14.73,14.46,14.71
VTRS,2002-12-11,14.6,14.77,14.6,14.77
VTRS,2002-12-12,14.87,14.89,14.67,14.72
VTRS,2002-12-13,14.71,14.76,14.42,14.62
VTRS,2002-12-16,14.62,14.72,14.51,14.68
VTRS,2002-12-17,14.76,14.96,14.72,14.79
VTRS,2002-12-18,14.76,14.85,14.59,14.77
VTRS,2002-12-19,14.76,14.87,14.74,14.84
VTRS,2002-12-20,14.89,15.36,14.89,15.29
VTRS,2002-12-23,15.3,15.31,15.18,15.31
VTRS,2002-12-24,15.31,15.33,15.21,15.21
VTRS,2002-12-26,15.24,15.37,15.08,15.24
VTRS,2002-12-27,15.13,15.16,14.94,14.94
VTRS,2002-12-30,15.03,15.38,15.0,15.29
VTRS,2002-12-31,15.22,15.56,15.22,15.51
VTRS,2003-01-02,15.56,15.78,15.56,15.77
VTRS,2003-01-03,15.96,16.38,15.87,16.33
VTRS,2003-01-06,16.29,16.92,16.12,16.88
VTRS,2003-01-07,16.84,17.38,16.68,17.07
VTRS,2003-01-08,17.07,17.22,16.93,17.18
VTRS,2003-01-09,17.21,17.29,17.07,17.18
VTRS,2003-01-10,17.16,17.2,16.98,17.0
VTRS,2003-01-13,17.14,17.15,16.89,16.96
VTRS,2003-01-14,17.07,17.26,16.98,17.21
VTRS,2003-01-15,17.31,17.33,17.12,17.24
VTRS,2003-01-16,17.24,17.47,17.23,17.38
VTRS,2003-01-17,17.38,17.55,17.33,17.53
VTRS,2003-01-21,17.49,17.55,17.15,17.15
VTRS,2003-01-22,17.15,17.49,17.12,17.42
VTRS,2003-01-23,17.49,17.64,17.25,17.51
VTRS,2003-01-24,17.46,17.55,17.32,17.49
VTRS,2003-01-27,17.4,17.51,17.14,17.14
VTRS,2003-01-28,17.15,17.61,16.93,17.5
VTRS,2003-01-29,17.47,17.93,17.3,17.84
VTRS,2003-01-30,17.8,18.05,17.33,17.33
VTRS,2003-01-31,17.33,17.83,17.33,17.81
VTRS,2003-02-03,17.81,17.93,17.47,17.72
VTRS,2003-02-04,17.59,17.6,17.24,17.31
VTRS,2003-02-05,17.47,17.57,17.06,17.29
VTRS,2003-02-06,17.19,17.52,17.01,17.4
VTRS,2003-02-07,17.72,17.73,17.21,17.41
VTRS,2003-02-10,17.41,18.07,17.34,18.07
VTRS,2003-02-11,18.2,18.59,18.2,18.5
VTRS,2003-02-12,18.5,18.56,18.07,18.3
VTRS,2003-02-13,18.33,18.37,17.63,17.77
VTRS,2003-02-14,17.77,17.87,17.61,17.75
VTRS,2003-02-18,17.83,18.72,17.83,18.72
VTRS,2003-02-19,18.7,18.7,18.33,18.41
VTRS,2003-02-20,18.41,18.59,18.33,18.34
VTRS,2003-02-21,18.4,18.55,18.19,18.43
VTRS,2003-02-24,18.43,18.51,18.28,18.43
VTRS,2003-02-25,18.3,18.39,17.86,18.27
VTRS,2003-02-26,18.15,18.21,17.9,18.06
VTRS,2003-02-27,18.06,18.67,18.06,18.62
VTRS,2003-02-28,18.65,19.11,18.53,19.03
VTRS,2003-03-03,18.93,19.17,18.67,18.79
VTRS,2003-03-04,18.75,18.87,18.59,18.68
VTRS,2003-03-05,18.73,18.92,18.57,18.63
VTRS,2003-03-06,18.43,18.67,18.3,18.66
VTRS,2003-03-07,18.35,18.74,18.34,18.6
VTRS,2003-03-10,18.63,18.65,18.23,18.27
VTRS,2003-03-11,18.33,18.36,17.82,17.85
VTRS,2003-03-12,17.85,18.01,17.79,17.87
VTRS,2003-03-13,17.99,18.37,17.89,18.37
VTRS,2003-03-14,18.37,18.57,18.15,18.43
VTRS,2003-03-17,18.3,19.11,18.29,19.03
VTRS,2003-03-18,19.09,19.35,19.01,19.23
VTRS,2003-03-19,19.23,19.53,19.15,19.23
VTRS,2003-03-20,19.19,19.33,19.01,19.27
VTRS,2003-03-21,19.33,19.4,19.12,19.24
VTRS,2003-03-24,19.0,19.01,18.5,18.52
VTRS,2003-03-25,18.55,19.5,18.55,19.35
VTRS,2003-03-26,19.23,19.74,19.21,19.28
VTRS,2003-03-27,19.15,19.35,18.96,19.2
VTRS,2003-03-28,19.2,19.57,18.98,19.36
VTRS,2003-03-31,19.19,19.58,18.97,19.17
VTRS,2003-04-01,19.21,19.69,19.11,19.67
VTRS,2003-04-02,19.87,20.13,19.72,19.87
VTRS,2003-04-03,19.93,20.03,19.73,19.88
VTRS,2003-04-04,19.95,20.17,19.84,19.91
VTRS,2003-04-07,20.17,20.31,19.29,19.33
VTRS,2003-04-08,19.38,19.5,19.29,19.4
VTRS,2003-04-09,19.37,19.5,18.8,18.99
VTRS,2003-04-10,19.09,19.13,18.8,18.99
VTRS,2003-04-11,18.67,18.98,17.49,17.91
VTRS,2003-04-14,17.98,18.12,17.81,18.0
VTRS,2003-04-15,18.07,18.19,17.99,18.19
VTRS,2003-04-16,18.27,18.33,17.07,17.53
VTRS,2003-04-17,17.4,17.53,17.26,17.48
VTRS,2003-04-21,17.41,17.64,17.28,17.45
VTRS,2003-04-22,17.27,17.73,17.23,17.61
VTRS,2003-04-23,17.8,17.89,17.57,17.69
VTRS,2003-04-24,17.67,17.83,17.63,17.73
VTRS,2003-04-25,17.79,18.01,17.69,17.91
VTRS,2003-04-28,18.07,18.78,17.86,18.63
VTRS,2003-04-29,18.67,18.87,18.43,18.55
VTRS,2003-04-30,18.55,19.07,18.46,18.85
VTRS,2003-05-01,19.07,19.27,18.81,18.97
VTRS,2003-05-02,19.0,19.47,19.0,19.31
VTRS,2003-05-05,19.37,19.73,19.07,19.18
VTRS,2003-05-06,19.33,19.69,19.25,19.49
VTRS,2003-05-07,19.33,19.69,19.27,19.51
VTRS,2003-05-08,19.83,19.91,18.0,18.31
VTRS,2003-05-09,18.5,18.83,18.15,18.39
VTRS,2003-05-12,18.39,18.69,18.33,18.53
VTRS,2003-05-13,18.53,18.85,18.45,18.68
VTRS,2003-05-14,18.75,18.97,18.7,18.87
VTRS,2003-05-15,18.87,19.09,18.77,18.95
VTRS,2003-05-16,18.95,19.02,18.67,18.67
VTRS,2003-05-19,18.88,19.1,18.61,18.75
VTRS,2003-05-20,18.77,18.84,18.5,18.7
VTRS,2003-05-21,18.71,19.19,18.69,18.99
VTRS,2003-05-22,19.15,19.56,19.07,19.4
VTRS,2003-05-23,19.4,19.47,19.01,19.31
VTRS,2003-05-27,19.2,19.73,19.17,19.73
VTRS,2003-05-28,19.6,19.63,19.33,19.4
VTRS,2003-05-29,19.5,19.53,19.0,19.05
VTRS,2003-05-30,19.07,19.5,18.75,19.25
VTRS,2003-06-02,20.01,20.05,19.56,19.57
VTRS,2003-06-03,19.4,19.53,18.91,19.13
VTRS,2003-06-04,19.3,19.47,19.23,19.43
VTRS,2003-06-05,19.42,20.87,19.19,20.65
VTRS,2003-06-06,21.47,21.47,20.37,20.39
VTRS,2003-06-09,20.4,20.62,19.89,19.92
VTRS,2003-06-10,19.94,20.13,19.94,20.1
VTRS,2003-06-11,20.27,21.2,20.14,21.2
VTRS,2003-06-12,21.65,22.4,21.23,22.03
VTRS,2003-06-13,22.5,22.73,22.27,22.63
VTRS,2003-06-16,22.73,23.75,22.73,23.57
VTRS,2003-06-17,23.67,23.77,23.34,23.56
VTRS,2003-06-18,23.53,23.82,22.59,22.85
VTRS,2003-06-19,22.75,22.8,21.73,22.07
VTRS,2003-06-20,22.39,22.8,22.06,22.65
VTRS,2003-06-23,22.67,22.67,22.37,22.5
VTRS,2003-06-24,22.53,22.9,22.51,22.87
VTRS,2003-06-25,22.8,23.17,22.63,22.77
VTRS,2003-06-26,22.74,23.49,22.7,23.32
VTRS,2003-06-27,23.57,23.8,23.43,23.53
VTRS,2003-06-30,23.53,23.59,23.04,23.18
VTRS,2003-07-01,23.18,23.18,22.32,23.01
VTRS,2003-07-02,23.1,23.17,22.85,23.07
VTRS,2003-07-03,22.95,23.69,22.92,23.53
VTRS,2003-07-07,23.73,23.8,23.47,23.6
VTRS,2003-07-08,23.6,23.63,23.15,23.27
VTRS,2003-07-09,23.27,23.33,23.01,23.01
VTRS,2003-07-10,22.83,22.84,22.51,22.57
VTRS,2003-07-11,22.53,22.66,22.27,22.49
VTRS,2003-07-14,22.6,22.89,22.21,22.21
VTRS,2003-07-15,22.23,22.33,21.65,21.65
VTRS,2003-07-16,21.75,22.02,21.67,21.94
VTRS,2003-07-17,21.95,21.99,21.24,21.5
VTRS,2003-07-18,21.83,21.88,21.55,21.65
VTRS,2003-07-21,21.65,21.65,21.07,21.13
VTRS,2003-07-22,21.27,21.39,20.61,20.73
VTRS,2003-07-23,20.83,21.49,20.63,21.43
VTRS,2003-07-24,21.83,21.89,21.34,21.57
VTRS,2003-07-25,21.57,21.83,21.38,21.74
VTRS,2003-07-28,21.91,22.17,21.87,22.1
VTRS,2003-07-29,22.13,22.27,21.77,22.0
VTRS,2003-07-30,22.0,22.0,21.57,21.8
VTRS,2003-07-31,21.93,22.77,21.91,22.51
VTRS,2003-08-01,22.27,22.51,22.05,22.37
VTRS,2003-08-04,23.53,23.57,22.37,22.87
VTRS,2003-08-05,22.8,23.11,22.39,22.47
VTRS,2003-08-06,22.37,22.39,21.95,22.09
VTRS,2003-08-07,22.2,22.81,22.17,22.77
VTRS,2003-08-08,22.55,22.8,21.89,22.76
VTRS,2003-08-11,22.73,22.9,22.59,22.87
VTRS,2003-08-12,23.17,23.41,23.03,23.27
VTRS,2003-08-13,23.4,23.47,22.86,23.0
VTRS,2003-08-14,23.23,23.26,22.99,23.1
VTRS,2003-08-15,23.13,23.28,23.02,23.27
VTRS,2003-08-18,23.37,23.49,23.23,23.29
VTRS,2003-08-19,23.33,24.13,23.28,23.91
VTRS,2003-08-20,23.77,24.01,23.56,23.97
VTRS,2003-08-21,24.07,25.0,24.07,24.97
VTRS,2003-08-22,24.97,25.33,24.69,24.85
VTRS,2003-08-25,24.85,24.86,24.24,24.31
VTRS,2003-08-26,24.31,24.31,23.76,24.12
VTRS,2003-08-27,24.12,24.19,23.79,23.93
VTRS,2003-08-28,24.0,24.1,23.33,23.99
VTRS,2003-08-29,23.99,24.27,23.77,24.27
VTRS,2003-09-02,24.33,24.53,24.07,24.25
VTRS,2003-09-03,24.27,24.27,23.95,24.13
VTRS,2003-09-04,24.13,24.27,24.04,24.13
VTRS,2003-09-05,24.07,24.38,23.95,24.36
VTRS,2003-09-08,24.26,25.06,24.26,24.99
VTRS,2003-09-09,24.99,25.87,24.96,25.67
VTRS,2003-09-10,25.67,26.18,25.48,25.97
VTRS,2003-09-11,25.97,26.54,25.53,25.81
VTRS,2003-09-12,25.93,26.02,25.59,26.0
VTRS,2003-09-15,26.23,26.5,26.04,26.34
VTRS,2003-09-16,26.4,26.96,26.4,26.7
VTRS,2003-09-17,26.7,27.1,26.51,26.63
VTRS,2003-09-18,26.77,26.87,26.51,26.85
VTRS,2003-09-19,26.93,27.09,26.74,26.85
VTRS,2003-09-22,26.85,26.85,25.83,26.15
VTRS,2003-09-23,26.15,26.49,26.0,26.11
VTRS,2003-09-24,26.11,26.13,25.57,25.62
VTRS,2003-09-25,25.62,25.62,24.83,24.9
VTRS,2003-09-26,24.87,25.26,24.68,25.05
VTRS,2003-09-29,25.05,25.5,24.97,25.37
VTRS,2003-09-30,25.37,26.07,25.37,25.77
VTRS,2003-10-01,25.77,26.12,25.71,26.0
VTRS,2003-10-02,26.0,27.81,25.94,27.6
VTRS,2003-10-03,28.15,28.53,27.93,27.95
VTRS,2003-10-06,28.43,28.43,27.87,27.93
VTRS,2003-10-07,27.79,28.11,27.56,28.1
VTRS,2003-10-08,28.11,28.29,27.79,27.86
VTRS,2003-10-09,28.25,28.75,27.68,27.95
VTRS,2003-10-10,28.2,28.27,27.85,28.01
VTRS,2003-10-13,28.08,28.36,28.07,28.16
VTRS,2003-10-14,28.2,28.38,28.0,28.15
VTRS,2003-10-15,28.4,28.4,27.75,27.98
VTRS,2003-10-16,27.98,28.18,27.5,27.73
VTRS,2003-10-17,27.9,27.96,26.9,27.01
VTRS,2003-10-20,27.2,27.26,26.89,27.11
VTRS,2003-10-21,27.25,28.05,27.2,28.04
VTRS,2003-10-22,28.04,28.04,27.1,27.4
VTRS,2003-10-23,27.15,27.73,27.05,27.61
VTRS,2003-10-24,27.61,27.61,27.16,27.4
VTRS,2003-10-27,25.01,27.0,25.01,26.19
VTRS,2003-10-28,26.19,26.31,25.15,25.74
VTRS,2003-10-29,25.2,25.49,24.39,24.7
VTRS,2003-10-30,25.66,25.66,23.72,24.58
VTRS,2003-10-31,24.58,24.62,23.75,24.15
VTRS,2003-11-03,24.5,24.64,23.72,23.86
VTRS,2003-11-04,23.87,24.02,23.65,23.65
VTRS,2003-11-05,23.52,24.42,23.4,24.36
VTRS,2003-11-06,24.5,24.64,24.14,24.46
VTRS,2003-11-07,24.7,24.83,24.46,24.55
VTRS,2003-11-10,24.75,24.75,23.96,24.0
VTRS,2003-11-11,20.86,22.6,20.0,22.45
VTRS,2003-11-12,22.3,23.64,22.08,23.5
VTRS,2003-11-13,23.25,23.58,22.3,22.85
VTRS,2003-11-14,23.0,23.49,22.94,23.08
VTRS,2003-11-17,22.98,23.05,22.68,22.94
VTRS,2003-11-18,22.94,23.33,22.94,23.03
VTRS,2003-11-19,23.03,23.27,22.8,23.1
VTRS,2003-11-20,23.25,23.58,23.0,23.38
VTRS,2003-11-21,23.38,23.39,23.08,23.12
VTRS,2003-11-24,24.0,24.3,23.5,23.72
VTRS,2003-11-25,24.95,25.15,24.6,24.68
VTRS,2003-11-26,26.0,26.0,25.15,25.65
VTRS,2003-11-28,25.8,25.82,25.25,25.32
VTRS,2003-12-01,25.55,26.12,25.5,26.09
VTRS,2003-12-02,26.0,26.03,25.6,25.62
VTRS,2003-12-03,25.6,25.99,25.59,25.62
VTRS,2003-12-04,25.55,25.74,25.38,25.62
VTRS,2003-12-05,25.55,25.55,25.2,25.45
VTRS,2003-12-08,25.65,25.84,25.42,25.75
VTRS,2003-12-09,25.85,26.15,25.52,25.58
VTRS,2003-12-10,25.62,25.63,24.5,24.9
VTRS,2003-12-11,24.85,25.45,24.79,25.21
VTRS,2003-12-12,25.45,25.45,24.92,25.2
VTRS,2003-12-15,25.3,25.57,25.1,25.36
VTRS,2003-12-16,25.15,25.33,25.08,25.18
VTRS,2003-12-17,25.32,25.78,25.15,25.65
VTRS,2003-12-18,25.63,26.07,25.57,25.74
VTRS,2003-12-19,25.62,25.7,25.3,25.42
VTRS,2003-12-22,25.42,25.42,24.8,24.99
VTRS,2003-12-23,25.15,25.15,24.8,24.99
VTRS,2003-12-24,25.05,25.21,24.87,25.0
VTRS,2003-12-26,25.0,25.2,25.0,25.15
VTRS,2003-12-29,25.25,25.5,25.2,25.26
VTRS,2003-12-30,25.3,25.49,25.19,25.26
VTRS,2003-12-31,25.25,25.3,25.01,25.26
VTRS,2004-01-02,25.2,25.36,25.01,25.12
VTRS,2004-01-05,25.2,25.25,24.5,24.65
VTRS,2004-01-06,24.66,24.75,23.8,24.09
VTRS,2004-01-07,24.09,24.31,23.91,24.26
VTRS,2004-01-08,24.32,24.53,24.13,24.3
VTRS,2004-01-09,24.3,24.9,24.18,24.73
VTRS,2004-01-12,24.73,24.9,24.44,24.65
VTRS,2004-01-13,24.92,24.93,24.56,24.66
VTRS,2004-01-14,24.88,25.09,24.76,25.03
VTRS,2004-01-15,25.1,25.12,24.73,24.81
VTRS,2004-01-16,24.82,24.91,24.54,24.61
VTRS,2004-01-20,24.65,25.9,24.64,25.55
VTRS,2004-01-21,25.45,25.71,25.11,25.42
VTRS,2004-01-22,25.65,25.8,25.28,25.5
VTRS,2004-01-23,25.8,25.91,25.6,25.75
VTRS,2004-01-26,25.8,26.0,25.69,25.82
VTRS,2004-01-27,26.0,26.0,25.36,25.63
VTRS,2004-01-28,25.64,25.8,25.01,25.02
VTRS,2004-01-29,25.03,25.03,24.01,24.52
VTRS,2004-01-30,24.52,24.56,24.1,24.39
VTRS,2004-02-02,24.48,24.79,24.15,24.35
VTRS,2004-02-03,24.45,24.95,24.35,24.7
VTRS,2004-02-04,24.71,24.82,24.28,24.5
VTRS,2004-02-05,24.52,24.89,24.48,24.67
VTRS,2004-02-06,24.72,25.0,24.7,24.98
VTRS,2004-02-09,25.15,25.62,25.07,25.35
VTRS,2004-02-10,25.35,25.51,25.2,25.44
VTRS,2004-02-11,26.35,26.35,24.43,24.64
VTRS,2004-02-12,24.65,24.95,24.53,24.6
VTRS,2004-02-13,24.6,24.61,24.18,24.31
VTRS,2004-02-17,24.45,24.64,24.38,24.43
VTRS,2004-02-18,24.45,24.5,24.05,24.2
VTRS,2004-02-19,24.25,24.35,23.9,23.91
VTRS,2004-02-20,23.91,24.03,23.19,23.7
VTRS,2004-02-23,23.9,23.99,23.52,23.57
VTRS,2004-02-24,23.55,23.65,23.24,23.38
VTRS,2004-02-25,23.42,23.61,23.27,23.55
VTRS,2004-02-26,23.6,23.6,22.95,23.13
VTRS,2004-02-27,23.25,24.01,23.2,23.5
VTRS,2004-03-01,23.7,23.8,23.5,23.68
VTRS,2004-03-02,23.6,23.7,23.27,23.42
VTRS,2004-03-03,23.5,23.73,23.25,23.6
VTRS,2004-03-04,23.77,23.83,23.54,23.73
VTRS,2004-03-05,23.73,24.32,23.53,24.16
VTRS,2004-03-08,24.16,24.2,23.69,23.75
VTRS,2004-03-09,23.75,23.85,23.31,23.5
VTRS,2004-03-10,23.5,23.68,22.88,23.0
VTRS,2004-03-11,22.75,23.13,22.61,22.93
VTRS,2004-03-12,22.97,23.35,22.93,23.28
VTRS,2004-03-15,23.05,23.16,22.5,22.54
VTRS,2004-03-16,22.73,22.92,22.4,22.54
VTRS,2004-03-17,22.76,23.14,22.64,23.07
VTRS,2004-03-18,22.5,22.95,21.95,22.16
VTRS,2004-03-19,22.16,22.59,22.01,22.48
VTRS,2004-03-22,22.15,22.34,22.02,22.2
VTRS,2004-03-23,22.3,22.6,22.3,22.37
VTRS,2004-03-24,22.4,23.8,22.2,23.34
VTRS,2004-03-25,23.4,23.43,23.1,23.12
VTRS,2004-03-26,22.6,24.11,22.6,23.25
VTRS,2004-03-29,23.47,23.49,23.02,23.05
VTRS,2004-03-30,23.05,23.12,22.46,22.67
VTRS,2004-03-31,22.83,22.99,22.69,22.73
VTRS,2004-04-01,22.85,23.34,22.73,23.16
VTRS,2004-04-02,23.65,23.72,23.06,23.34
VTRS,2004-04-05,23.75,23.75,23.27,23.74
VTRS,2004-04-06,23.74,23.78,23.5,23.72
VTRS,2004-04-07,23.55,23.85,23.52,23.68
VTRS,2004-04-08,23.7,23.73,23.1,23.33
VTRS,2004-04-12,23.55,23.8,23.36,23.7
VTRS,2004-04-13,23.7,23.87,22.9,22.99
VTRS,2004-04-14,22.9,23.29,22.46,23.04
VTRS,2004-04-15,23.15,23.46,22.9,23.2
VTRS,2004-04-16,23.25,23.48,22.73,22.78
VTRS,2004-04-19,22.96,23.07,22.73,22.85
VTRS,2004-04-20,23.85,24.27,23.53,23.61
VTRS,2004-04-21,23.82,23.97,23.65,23.85
VTRS,2004-04-22,23.9,24.44,23.8,24.33
VTRS,2004-04-23,24.54,24.95,24.22,24.31
VTRS,2004-04-26,24.35,24.86,24.33,24.42
VTRS,2004-04-27,24.5,24.92,24.5,24.59
VTRS,2004-04-28,24.6,24.7,24.05,24.4
VTRS,2004-04-29,24.35,24.36,23.38,23.45
VTRS,2004-04-30,23.5,23.63,22.91,22.91
VTRS,2004-05-03,23.12,23.35,22.9,23.18
VTRS,2004-05-04,23.2,23.32,22.68,22.89
VTRS,2004-05-05,23.0,23.3,22.8,23.07
VTRS,2004-05-06,23.08,23.21,22.6,22.92
VTRS,2004-05-07,22.8,23.08,22.37,22.38
VTRS,2004-05-10,22.32,22.55,21.75,21.92
VTRS,2004-05-11,22.39,23.59,21.75,22.59
VTRS,2004-05-12,22.59,23.85,22.47,23.65
VTRS,2004-05-13,23.75,24.03,23.59,24.0
VTRS,2004-05-14,24.0,24.5,23.75,24.19
VTRS,2004-05-17,23.95,24.05,23.69,23.91
VTRS,2004-05-18,24.1,24.28,23.92,24.03
VTRS,2004-05-19,24.1,24.45,24.05,24.2
VTRS,2004-05-20,24.15,24.15,23.11,23.47
VTRS,2004-05-21,23.35,23.38,22.55,22.71
VTRS,2004-05-24,22.55,22.63,22.05,22.3
VTRS,2004-05-25,22.1,22.69,22.09,22.68
VTRS,2004-05-26,22.68,22.84,22.33,22.51
VTRS,2004-05-27,22.48,22.59,22.07,22.16
VTRS,2004-05-28,22.2,22.48,22.11,22.31
VTRS,2004-06-01,22.25,22.65,22.15,22.59
VTRS,2004-06-02,22.7,22.81,22.48,22.65
VTRS,2004-06-03,22.65,22.85,22.4,22.4
VTRS,2004-06-04,22.6,22.72,22.43,22.51
VTRS,2004-06-07,22.7,22.78,22.41,22.71
VTRS,2004-06-08,22.72,22.84,22.54,22.65
VTRS,2004-06-09,22.68,22.77,22.45,22.49
VTRS,2004-06-10,22.85,23.27,22.5,22.71
VTRS,2004-06-14,22.75,22.95,22.46,22.46
VTRS,2004-06-15,22.55,22.72,22.24,22.37
VTRS,2004-06-16,22.33,22.58,22.16,22.32
VTRS,2004-06-17,22.27,22.35,21.98,22.05
VTRS,2004-06-18,22.05,22.5,22.05,22.38
VTRS,2004-06-21,22.33,22.59,22.3,22.4
VTRS,2004-06-22,22.3,22.47,22.15,22.42
VTRS,2004-06-23,21.64,21.64,19.8,20.86
VTRS,2004-06-24,21.75,22.0,21.03,21.14
VTRS,2004-06-25,21.15,21.23,20.96,21.05
VTRS,2004-06-28,21.02,21.19,20.05,20.15
VTRS,2004-06-29,20.03,20.2,20.01,20.15
VTRS,2004-06-30,20.16,20.39,20.15,20.25
VTRS,2004-07-01,20.55,20.65,20.12,20.48
VTRS,2004-07-02,20.25,20.34,20.13,20.22
VTRS,2004-07-06,20.05,20.2,19.93,20.07
VTRS,2004-07-07,20.0,20.11,19.64,19.97
VTRS,2004-07-08,19.96,19.97,19.68,19.71
VTRS,2004-07-09,19.65,19.73,19.5,19.73
VTRS,2004-07-12,19.73,19.75,19.51,19.61
VTRS,2004-07-13,19.61,19.65,19.5,19.54
VTRS,2004-07-14,19.59,19.79,19.1,19.37
VTRS,2004-07-15,19.37,19.79,19.32,19.46
VTRS,2004-07-16,19.55,19.79,19.41,19.47
VTRS,2004-07-19,19.53,19.61,19.31,19.45
VTRS,2004-07-20,19.55,19.6,19.33,19.5
VTRS,2004-07-21,19.51,19.63,18.92,18.95
VTRS,2004-07-22,18.8,19.13,18.63,18.82
VTRS,2004-07-23,18.62,18.66,18.21,18.51
VTRS,2004-07-26,16.55,16.75,15.16,15.51
VTRS,2004-07-27,15.58,15.65,14.24,14.75
VTRS,2004-07-28,14.76,15.0,14.65,14.84
VTRS,2004-07-29,14.95,14.97,14.49,14.83
VTRS,2004-07-30,14.84,14.94,14.72,14.82
VTRS,2004-08-02,14.82,14.87,14.56,14.69
VTRS,2004-08-03,14.75,15.5,14.7,15.36
VTRS,2004-08-04,15.36,15.7,15.04,15.65
VTRS,2004-08-05,15.45,16.01,15.4,15.5
VTRS,2004-08-06,15.46,15.5,14.99,15.13
VTRS,2004-08-09,15.02,15.19,14.9,14.98
VTRS,2004-08-10,14.98,15.43,14.98,15.38
VTRS,2004-08-11,15.38,15.84,15.17,15.5
VTRS,2004-08-12,15.83,15.92,15.54,15.87
VTRS,2004-08-13,16.0,16.26,15.86,16.0
VTRS,2004-08-16,16.0,16.3,15.8,16.3
VTRS,2004-08-17,16.3,16.54,14.89,15.36
VTRS,2004-08-18,15.4,15.74,15.25,15.58
VTRS,2004-08-19,16.7,17.34,16.33,17.2
VTRS,2004-08-20,17.0,17.18,16.79,16.89
VTRS,2004-08-23,17.8,17.8,17.04,17.16
VTRS,2004-08-24,17.3,17.3,16.91,17.03
VTRS,2004-08-25,17.03,17.33,16.92,17.3
VTRS,2004-08-26,17.3,17.5,17.07,17.12
VTRS,2004-08-27,17.12,17.46,17.08,17.41
VTRS,2004-08-30,17.4,17.56,17.18,17.26
VTRS,2004-08-31,17.26,17.44,17.26,17.42
VTRS,2004-09-01,17.4,17.44,17.21,17.4
VTRS,2004-09-02,17.44,17.51,17.29,17.44
VTRS,2004-09-03,17.5,17.64,17.48,17.56
VTRS,2004-09-07,17.57,18.08,17.44,18.08
VTRS,2004-09-08,18.08,18.47,18.06,18.18
VTRS,2004-09-09,18.18,18.39,18.17,18.39
VTRS,2004-09-10,18.4,18.49,18.25,18.33
VTRS,2004-09-13,18.4,19.19,18.3,19.05
VTRS,2004-09-14,19.05,19.24,18.92,19.12
VTRS,2004-09-15,19.2,19.25,18.78,18.83
VTRS,2004-09-16,18.84,19.44,18.84,19.44
VTRS,2004-09-17,19.43,19.55,19.36,19.49
VTRS,2004-09-20,19.49,19.49,18.81,19.03
VTRS,2004-09-21,19.04,19.2,18.95,19.05
VTRS,2004-09-22,19.0,19.0,18.61,18.7
VTRS,2004-09-23,18.71,18.71,18.23,18.32
VTRS,2004-09-24,18.29,18.47,18.25,18.42
VTRS,2004-09-27,18.42,18.42,18.12,18.21
VTRS,2004-09-28,18.23,18.32,17.9,18.02
VTRS,2004-09-29,18.2,18.29,17.9,18.04
VTRS,2004-09-30,18.02,18.13,17.82,18.0
VTRS,2004-10-01,18.05,18.4,18.0,18.3
VTRS,2004-10-04,18.25,18.41,18.09,18.16
VTRS,2004-10-05,18.22,18.3,18.01,18.12
VTRS,2004-10-06,18.18,18.2,17.8,17.88
VTRS,2004-10-07,17.75,17.85,17.3,17.39
VTRS,2004-10-08,17.41,17.53,17.2,17.3
VTRS,2004-10-11,17.38,17.69,17.31,17.45
VTRS,2004-10-12,17.46,17.58,17.3,17.31
VTRS,2004-10-13,17.31,18.05,17.3,17.76
VTRS,2004-10-14,17.52,17.64,17.35,17.43
VTRS,2004-10-15,17.52,17.58,17.4,17.52
VTRS,2004-10-18,17.58,17.75,17.5,17.65
VTRS,2004-10-19,17.63,17.73,17.4,17.44
VTRS,2004-10-20,17.35,17.65,17.32,17.62
VTRS,2004-10-21,16.6,17.35,16.48,17.0
VTRS,2004-10-22,16.94,16.99,16.78,16.96
VTRS,2004-10-25,16.78,16.78,16.4,16.66
VTRS,2004-10-26,16.67,17.01,16.51,16.98
VTRS,2004-10-27,16.84,17.32,16.8,17.18
VTRS,2004-10-28,17.4,17.52,17.11,17.38
VTRS,2004-10-29,17.32,17.41,17.11,17.22
VTRS,2004-11-01,17.18,17.27,16.94,16.96
VTRS,2004-11-02,16.92,17.3,16.4,16.48
VTRS,2004-11-03,16.78,16.99,16.56,16.64
VTRS,2004-11-04,16.6,16.73,16.24,16.42
VTRS,2004-11-05,16.39,16.82,16.36,16.79
VTRS,2004-11-08,16.8,17.01,16.79,16.83
VTRS,2004-11-09,16.92,17.0,16.82,16.95
VTRS,2004-11-10,16.95,17.38,16.83,17.37
VTRS,2004-11-11,17.43,17.58,17.23,17.44
VTRS,2004-11-12,17.34,17.55,17.14,17.24
VTRS,2004-11-15,17.11,17.36,17.02,17.2
VTRS,2004-11-16,17.1,17.35,17.05,17.1
VTRS,2004-11-17,17.05,17.46,17.05,17.2
VTRS,2004-11-18,17.28,17.28,17.06,17.16
VTRS,2004-11-19,17.21,20.0,16.85,18.88
VTRS,2004-11-22,18.52,18.88,18.25,18.65
VTRS,2004-11-23,18.55,18.55,18.3,18.32
VTRS,2004-11-24,18.28,18.64,18.2,18.56
VTRS,2004-11-26,18.5,18.65,18.49,18.6
VTRS,2004-11-29,18.52,18.54,18.2,18.34
VTRS,2004-11-30,18.15,18.45,18.05,18.16
VTRS,2004-12-01,18.08,18.32,18.08,18.32
VTRS,2004-12-02,18.17,18.29,18.11,18.22
VTRS,2004-12-03,18.15,18.38,18.12,18.35
VTRS,2004-12-06,18.24,18.26,18.06,18.07
VTRS,2004-12-07,18.0,18.1,17.8,17.87
VTRS,2004-12-08,17.8,18.1,17.79,18.04
VTRS,2004-12-09,17.95,18.85,17.82,18.11
VTRS,2004-12-10,17.98,18.07,17.87,18.0
VTRS,2004-12-13,18.0,18.36,17.98,18.33
VTRS,2004-12-14,18.25,18.48,18.17,18.48
VTRS,2004-12-15,18.4,18.5,17.98,18.01
VTRS,2004-12-16,18.02,18.13,17.9,17.98
VTRS,2004-12-17,17.98,18.4,17.94,18.0
VTRS,2004-12-20,17.97,18.12,17.71,17.84
VTRS,2004-12-21,17.84,17.9,17.7,17.77
VTRS,2004-12-22,17.75,17.78,17.6,17.61
VTRS,2004-12-23,17.6,17.95,17.58,17.81
VTRS,2004-12-27,17.78,17.78,17.62,17.69
VTRS,2004-12-28,17.62,17.74,17.46,17.56
VTRS,2004-12-29,17.53,17.66,17.5,17.6
VTRS,2004-12-30,17.55,17.7,17.52,17.59
VTRS,2004-12-31,17.52,17.72,17.52,17.68
VTRS,2005-01-03,17.63,17.74,17.5,17.56
VTRS,2005-01-04,17.58,17.63,17.15,17.19
VTRS,2005-01-05,17.19,17.23,16.99,17.03
VTRS,2005-01-06,17.12,17.33,17.06,17.18
VTRS,2005-01-07,17.17,17.27,17.05,17.13
VTRS,2005-01-10,17.05,17.28,17.01,17.23
VTRS,2005-01-11,17.15,17.2,17.02,17.17
VTRS,2005-01-12,17.5,17.85,17.3,17.57
VTRS,2005-01-13,17.6,17.6,17.02,17.07
VTRS,2005-01-14,17.06,17.28,17.02,17.21
VTRS,2005-01-18,17.27,17.4,16.9,17.04
VTRS,2005-01-19,17.05,17.16,16.85,16.86
VTRS,2005-01-20,16.8,17.02,16.77,16.9
VTRS,2005-01-21,16.9,16.99,16.55,16.55
VTRS,2005-01-24,16.55,16.74,16.31,16.35
VTRS,2005-01-25,16.37,16.5,16.1,16.31
VTRS,2005-01-26,16.31,16.45,16.19,16.2
VTRS,2005-01-27,16.14,16.88,16.14,16.64
VTRS,2005-01-28,16.7,16.85,16.34,16.6
VTRS,2005-01-31,16.85,16.9,16.45,16.63
VTRS,2005-02-01,16.6,16.81,16.57,16.79
VTRS,2005-02-02,16.77,16.98,16.66,16.95
VTRS,2005-02-03,16.15,16.27,15.5,16.16
VTRS,2005-02-04,16.16,16.32,16.12,16.26
VTRS,2005-02-07,16.16,16.2,16.05,16.11
VTRS,2005-02-08,16.1,16.14,16.03,16.13
VTRS,2005-02-09,16.1,16.24,15.83,15.91
VTRS,2005-02-10,15.92,15.99,15.67,15.95
VTRS,2005-02-11,15.93,16.3,15.88,16.26
VTRS,2005-02-14,16.24,16.24,15.9,15.95
VTRS,2005-02-15,15.94,15.94,15.77,15.88
VTRS,2005-02-16,15.88,15.92,15.72,15.89
VTRS,2005-02-17,15.83,15.98,15.75,15.9
VTRS,2005-02-18,15.91,16.24,15.82,16.15
VTRS,2005-02-22,16.25,17.1,16.21,16.69
VTRS,2005-02-23,16.9,16.99,16.51,16.93
VTRS,2005-02-24,16.93,17.19,16.71,17.13
VTRS,2005-02-25,16.8,17.2,16.78,16.94
VTRS,2005-02-28,17.64,17.65,17.18,17.6
VTRS,2005-03-01,17.54,18.18,17.51,17.82
VTRS,2005-03-02,17.8,17.89,17.52,17.62
VTRS,2005-03-03,17.58,17.79,17.51,17.74
VTRS,2005-03-04,17.78,17.88,17.5,17.65
VTRS,2005-03-07,17.66,18.08,17.66,18.08
VTRS,2005-03-08,18.08,18.09,17.75,18.02
VTRS,2005-03-09,17.98,18.1,17.86,18.0
VTRS,2005-03-10,18.01,18.19,17.84,18.01
VTRS,2005-03-11,18.01,18.05,17.7,17.75
VTRS,2005-03-14,17.75,17.83,17.7,17.79
VTRS,2005-03-15,17.79,17.93,17.75,17.91
VTRS,2005-03-16,17.86,17.88,17.7,17.74
VTRS,2005-03-17,17.75,17.82,17.65,17.76
VTRS,2005-03-18,17.75,17.9,17.63,17.88
VTRS,2005-03-21,17.75,17.89,17.4,17.76
VTRS,2005-03-22,17.75,17.96,17.69,17.69
VTRS,2005-03-23,17.72,17.92,17.69,17.9
VTRS,2005-03-24,17.92,17.95,17.72,17.79
VTRS,2005-03-28,17.83,17.93,17.73,17.83
VTRS,2005-03-29,17.81,17.84,17.53,17.65
VTRS,2005-03-30,17.69,17.82,17.55,17.68
VTRS,2005-03-31,17.7,17.77,17.62,17.72
VTRS,2005-04-01,17.8,17.9,17.52,17.63
VTRS,2005-04-04,17.58,17.61,17.45,17.54
VTRS,2005-04-05,17.6,17.64,17.49,17.51
VTRS,2005-04-06,17.54,17.58,17.43,17.5
VTRS,2005-04-07,17.53,17.54,17.38,17.46
VTRS,2005-04-08,17.55,17.58,17.4,17.45
VTRS,2005-04-11,17.48,17.49,17.37,17.46
VTRS,2005-04-12,17.46,17.46,17.23,17.37
VTRS,2005-04-13,17.32,17.41,17.24,17.29
VTRS,2005-04-14,17.33,17.35,17.15,17.25
VTRS,2005-04-15,17.15,17.3,16.83,16.86
VTRS,2005-04-18,16.8,16.87,16.67,16.79
VTRS,2005-04-19,16.74,16.84,16.65,16.68
VTRS,2005-04-20,16.65,16.7,16.5,16.52
VTRS,2005-04-21,16.55,16.75,16.52,16.65
VTRS,2005-04-22,16.63,16.75,16.59,16.66
VTRS,2005-04-25,16.7,16.75,16.57,16.69
VTRS,2005-04-26,16.62,16.66,16.51,16.55
VTRS,2005-04-27,16.5,16.6,16.47,16.53
VTRS,2005-04-28,16.53,16.69,16.48,16.53
VTRS,2005-04-29,16.54,16.6,16.46,16.5
VTRS,2005-05-02,16.45,16.59,16.35,16.38
VTRS,2005-05-03,16.42,16.62,16.32,16.32
VTRS,2005-05-04,16.4,16.5,16.31,16.46
VTRS,2005-05-05,16.43,16.43,16.3,16.32
VTRS,2005-05-06,16.38,16.4,16.24,16.33
VTRS,2005-05-09,16.29,16.43,16.25,16.39
VTRS,2005-05-10,16.34,16.39,16.22,16.29
VTRS,2005-05-11,16.25,16.38,16.21,16.36
VTRS,2005-05-12,16.25,16.28,15.98,16.07
VTRS,2005-05-13,16.0,16.1,15.9,16.01
VTRS,2005-05-16,15.96,15.99,15.67,15.73
VTRS,2005-05-17,15.69,15.77,15.21,15.5
VTRS,2005-05-18,15.43,15.64,15.36,15.6
VTRS,2005-05-19,15.64,16.01,15.57,15.98
VTRS,2005-05-20,15.88,16.24,15.72,16.13
VTRS,2005-05-23,16.05,16.5,15.89,16.41
VTRS,2005-05-24,16.3,16.6,16.27,16.54
VTRS,2005-05-25,16.46,16.65,16.42,16.49
VTRS,2005-05-26,16.55,16.7,16.44,16.65
VTRS,2005-05-27,16.7,16.74,16.55,16.65
VTRS,2005-05-31,16.6,16.63,16.42,16.5
VTRS,2005-06-01,16.42,17.64,16.3,17.24
VTRS,2005-06-02,17.22,17.23,16.95,16.96
VTRS,2005-06-03,16.78,17.03,16.76,16.96
VTRS,2005-06-06,16.91,17.07,16.82,16.97
VTRS,2005-06-07,16.97,17.09,16.92,16.97
VTRS,2005-06-08,17.07,17.31,16.97,17.27
VTRS,2005-06-09,17.28,17.41,17.16,17.29
VTRS,2005-06-10,17.35,17.56,17.3,17.4
VTRS,2005-06-13,17.35,17.75,17.3,17.7
VTRS,2005-06-14,19.21,19.6,18.8,19.58
VTRS,2005-06-15,19.75,20.03,19.7,19.85
VTRS,2005-06-16,19.92,19.92,19.65,19.69
VTRS,2005-06-17,19.87,19.87,19.65,19.68
VTRS,2005-06-20,19.67,19.7,19.4,19.66
VTRS,2005-06-21,19.63,19.69,19.35,19.44
VTRS,2005-06-22,19.44,19.49,19.15,19.15
VTRS,2005-06-23,19.22,19.45,19.21,19.27
VTRS,2005-06-24,19.17,19.25,19.06,19.06
VTRS,2005-06-27,19.0,19.13,18.94,19.08
VTRS,2005-06-28,19.1,19.39,19.1,19.33
VTRS,2005-06-29,19.32,19.48,19.27,19.43
VTRS,2005-06-30,19.2,19.33,19.06,19.24
VTRS,2005-07-01,19.24,19.37,19.03,19.06
VTRS,2005-07-05,19.0,19.34,18.94,19.19
VTRS,2005-07-06,19.17,19.48,19.15,19.17
VTRS,2005-07-07,19.1,19.48,19.05,19.48
VTRS,2005-07-08,19.48,19.5,19.22,19.41
VTRS,2005-07-11,19.78,20.0,19.63,19.67
VTRS,2005-07-12,19.75,19.88,19.72,19.84
VTRS,2005-07-13,19.89,19.9,19.57,19.59
VTRS,2005-07-14,19.65,19.85,19.61,19.76
VTRS,2005-07-15,19.8,19.83,19.34,19.4
VTRS,2005-07-18,18.75,18.75,18.3,18.38
VTRS,2005-07-19,18.38,18.65,18.13,18.33
VTRS,2005-07-20,18.28,18.3,17.82,17.82
VTRS,2005-07-21,17.68,17.9,17.58,17.73
VTRS,2005-07-22,17.68,17.83,17.52,17.52
VTRS,2005-07-25,17.6,17.77,17.43,17.66
VTRS,2005-07-26,17.76,18.31,17.7,17.88
VTRS,2005-07-27,17.87,17.99,17.54,17.65
VTRS,2005-07-28,17.7,18.01,17.58,17.66
VTRS,2005-07-29,17.6,17.69,17.3,17.36
VTRS,2005-08-01,17.36,17.53,17.2,17.46
VTRS,2005-08-02,17.5,17.58,17.19,17.52
VTRS,2005-08-03,17.38,17.62,17.3,17.53
VTRS,2005-08-04,17.92,18.28,17.73,17.81
VTRS,2005-08-05,17.82,17.98,17.52,17.9
VTRS,2005-08-08,17.9,17.97,17.61,17.8
VTRS,2005-08-09,17.73,18.18,17.66,17.97
VTRS,2005-08-10,18.0,18.12,17.84,18.07
VTRS,2005-08-11,18.0,18.21,17.8,18.12
VTRS,2005-08-12,18.18,18.18,17.86,17.89
VTRS,2005-08-15,17.95,18.45,17.87,18.26
VTRS,2005-08-16,18.25,18.42,18.17,18.34
VTRS,2005-08-17,18.41,18.62,18.25,18.36
VTRS,2005-08-18,18.37,18.59,18.25,18.5
VTRS,2005-08-19,18.5,18.59,18.15,18.18
VTRS,2005-08-22,18.5,18.56,18.2,18.51
VTRS,2005-08-23,18.51,18.65,18.27,18.34
VTRS,2005-08-24,18.28,18.46,17.92,17.99
VTRS,2005-08-25,18.05,18.27,17.97,18.12
VTRS,2005-08-26,18.08,18.12,17.79,17.93
VTRS,2005-08-29,17.9,18.48,17.9,18.2
VTRS,2005-08-30,18.14,18.5,18.13,18.38
VTRS,2005-08-31,18.3,18.53,18.16,18.39
VTRS,2005-09-01,18.35,18.67,18.27,18.41
VTRS,2005-09-02,18.4,18.51,18.13,18.35
VTRS,2005-09-06,18.34,18.49,18.26,18.33
VTRS,2005-09-07,18.34,18.65,18.29,18.61
VTRS,2005-09-08,18.7,18.85,18.5,18.62
VTRS,2005-09-09,18.55,18.71,18.31,18.61
VTRS,2005-09-12,18.6,18.65,18.31,18.39
VTRS,2005-09-13,18.32,18.35,17.99,18.14
VTRS,2005-09-14,18.14,18.25,17.78,18.01
VTRS,2005-09-15,17.98,18.34,17.88,18.21
VTRS,2005-09-16,18.39,18.64,18.3,18.33
VTRS,2005-09-19,18.33,18.35,17.95,18.09
VTRS,2005-09-20,18.08,18.17,17.85,17.95
VTRS,2005-09-21,17.93,18.05,17.8,17.94
VTRS,2005-09-22,17.84,18.04,17.72,18.01
VTRS,2005-09-23,18.07,18.18,17.88,18.05
VTRS,2005-09-26,18.05,18.18,17.83,17.9
VTRS,2005-09-27,17.9,18.05,17.73,17.74
VTRS,2005-09-28,18.3,19.5,18.3,18.84
VTRS,2005-09-29,18.91,19.21,18.9,19.15
VTRS,2005-09-30,19.2,19.42,19.18,19.26
VTRS,2005-10-03,19.35,19.51,19.2,19.38
VTRS,2005-10-04,20.0,20.75,19.9,20.4
VTRS,2005-10-05,20.65,21.15,20.52,20.57
VTRS,2005-10-06,20.5,20.5,19.85,20.21
VTRS,2005-10-07,20.14,20.32,19.88,20.2
VTRS,2005-10-10,20.15,20.41,19.86,20.18
VTRS,2005-10-11,20.18,20.28,19.99,20.08
VTRS,2005-10-12,20.19,20.48,19.95,20.14
VTRS,2005-10-13,20.05,20.19,19.78,19.84
VTRS,2005-10-14,19.83,19.9,19.43,19.79
VTRS,2005-10-17,19.83,20.12,19.63,19.94
VTRS,2005-10-18,19.93,20.07,19.78,20.06
VTRS,2005-10-19,19.97,20.74,19.89,20.64
VTRS,2005-10-20,20.72,21.37,20.26,20.8
VTRS,2005-10-21,20.98,21.15,20.45,20.47
VTRS,2005-10-24,20.43,21.36,20.37,21.1
VTRS,2005-10-25,20.94,21.21,20.77,20.99
VTRS,2005-10-26,20.93,21.64,20.87,21.6
VTRS,2005-10-27,21.55,21.69,21.03,21.61
VTRS,2005-10-28,20.0,20.3,18.29,20.3
VTRS,2005-10-31,19.95,19.99,18.82,19.21
VTRS,2005-11-01,19.12,19.24,18.84,19.0
VTRS,2005-11-02,19.12,19.7,19.12,19.47
VTRS,2005-11-03,19.52,19.75,19.34,19.39
VTRS,2005-11-04,19.55,20.05,19.55,19.99
VTRS,2005-11-07,19.97,20.05,19.66,19.94
VTRS,2005-11-08,19.94,20.13,19.78,19.93
VTRS,2005-11-09,19.92,19.99,19.83,19.85
VTRS,2005-11-10,19.85,20.23,19.77,20.09
VTRS,2005-11-11,19.98,19.98,19.7,19.82
VTRS,2005-11-14,19.78,20.27,19.71,20.09
VTRS,2005-11-15,20.05,20.59,19.85,20.4
VTRS,2005-11-16,20.38,20.45,20.06,20.32
VTRS,2005-11-17,20.25,20.49,20.01,20.45
VTRS,2005-11-18,20.48,20.87,20.33,20.82
VTRS,2005-11-21,20.83,20.93,20.55,20.85
VTRS,2005-11-22,20.9,21.26,20.7,21.16
VTRS,2005-11-23,20.99,21.27,20.82,21.18
VTRS,2005-11-25,21.2,21.25,21.02,21.15
VTRS,2005-11-28,21.11,21.24,20.72,20.86
VTRS,2005-11-29,21.05,21.27,21.03,21.1
VTRS,2005-11-30,21.1,21.3,20.86,20.89
VTRS,2005-12-01,20.75,21.1,20.72,20.92
VTRS,2005-12-02,20.87,20.97,20.65,20.81
VTRS,2005-12-05,20.76,20.81,20.61,20.66
VTRS,2005-12-06,20.7,20.98,20.61,20.77
VTRS,2005-12-07,20.78,20.78,19.78,20.17
VTRS,2005-12-08,20.28,20.79,20.21,20.75
VTRS,2005-12-09,20.8,21.14,20.65,20.81
VTRS,2005-12-12,20.88,21.2,20.67,20.87
VTRS,2005-12-13,20.95,20.95,20.63,20.89
VTRS,2005-12-14,20.89,21.02,20.67,20.84
VTRS,2005-12-15,20.95,21.19,20.68,20.72
VTRS,2005-12-16,20.81,20.99,20.78,20.96
VTRS,2005-12-19,21.0,21.1,20.48,20.62
VTRS,2005-12-20,20.62,20.62,19.96,20.2
VTRS,2005-12-21,20.2,20.49,20.0,20.11
VTRS,2005-12-22,20.05,20.37,19.97,20.2
VTRS,2005-12-23,20.12,20.43,20.12,20.3
VTRS,2005-12-27,20.38,20.54,20.17,20.25
VTRS,2005-12-28,20.25,20.26,19.9,20.1
VTRS,2005-12-29,20.12,20.31,20.03,20.12
VTRS,2005-12-30,20.04,20.12,19.82,19.96
VTRS,2006-01-03,20.1,20.35,19.81,20.0
VTRS,2006-01-04,20.0,20.4,19.88,19.92
VTRS,2006-01-05,20.0,20.99,20.0,20.72
VTRS,2006-01-06,20.87,20.99,20.54,20.65
VTRS,2006-01-09,20.85,20.99,20.69,20.77
VTRS,2006-01-10,20.78,21.2,20.76,20.86
VTRS,2006-01-11,20.83,20.83,20.03,20.5
VTRS,2006-01-12,21.55,21.55,20.47,20.84
VTRS,2006-01-13,20.88,20.93,20.24,20.56
VTRS,2006-01-17,20.42,20.56,20.2,20.32
VTRS,2006-01-18,20.32,20.4,20.05,20.26
VTRS,2006-01-19,20.26,20.35,20.15,20.28
VTRS,2006-01-20,20.26,20.29,19.9,20.03
VTRS,2006-01-23,20.0,20.29,19.91,19.97
VTRS,2006-01-24,19.97,20.15,19.8,19.83
VTRS,2006-01-25,19.8,19.81,19.32,19.4
VTRS,2006-01-26,19.47,19.84,19.45,19.7
VTRS,2006-01-27,19.7,19.98,19.69,19.85
VTRS,2006-01-30,19.84,20.1,19.75,19.81
VTRS,2006-01-31,19.81,19.9,19.38,19.7
VTRS,2006-02-01,19.6,20.02,19.6,19.87
VTRS,2006-02-02,19.8,19.87,19.05,19.3
VTRS,2006-02-03,20.75,21.86,20.75,21.32
VTRS,2006-02-06,21.5,21.69,21.34,21.56
VTRS,2006-02-07,21.03,21.97,21.03,21.79
VTRS,2006-02-08,21.95,22.05,21.59,21.92
VTRS,2006-02-09,21.9,22.08,21.63,21.79
VTRS,2006-02-10,21.84,21.99,21.25,21.55
VTRS,2006-02-13,21.47,22.06,21.44,22.05
VTRS,2006-02-14,22.02,22.4,21.94,22.12
VTRS,2006-02-15,22.12,22.72,21.98,22.56
VTRS,2006-02-16,22.43,22.71,22.35,22.7
VTRS,2006-02-17,22.63,22.85,22.5,22.58
VTRS,2006-02-21,22.63,23.08,22.6,23.0
VTRS,2006-02-22,22.82,23.04,22.61,22.94
VTRS,2006-02-23,23.49,23.49,23.16,23.23
VTRS,2006-02-24,23.15,23.28,22.96,23.21
VTRS,2006-02-27,23.32,23.69,23.22,23.67
VTRS,2006-02-28,23.55,23.56,22.75,23.0
VTRS,2006-03-01,22.9,23.27,22.73,23.25
VTRS,2006-03-02,23.1,23.4,23.07,23.18
VTRS,2006-03-03,23.17,23.23,22.62,22.68
VTRS,2006-03-06,22.85,23.12,22.77,22.95
VTRS,2006-03-07,22.95,23.35,22.85,23.29
VTRS,2006-03-08,23.19,23.28,22.89,23.13
VTRS,2006-03-09,23.18,23.39,22.89,22.9
VTRS,2006-03-10,22.94,23.16,22.73,22.94
VTRS,2006-03-13,23.2,23.23,22.83,23.03
VTRS,2006-03-14,23.02,23.61,23.02,23.56
VTRS,2006-03-15,23.47,24.0,23.36,23.92
VTRS,2006-03-16,23.99,24.83,23.96,24.82
VTRS,2006-03-17,25.0,25.0,24.36,24.92
VTRS,2006-03-20,24.77,24.82,24.1,24.23
VTRS,2006-03-21,24.23,24.55,24.11,24.26
VTRS,2006-03-22,24.05,24.05,23.77,23.99
VTRS,2006-03-23,24.02,24.02,23.51,23.71
VTRS,2006-03-24,23.8,24.5,23.74,24.31
VTRS,2006-03-27,24.2,24.24,23.78,23.87
VTRS,2006-03-28,23.82,23.98,23.6,23.94
VTRS,2006-03-29,23.8,23.97,23.75,23.97
VTRS,2006-03-30,23.97,24.0,23.48,23.54
VTRS,2006-03-31,23.52,23.73,23.26,23.4
VTRS,2006-04-03,23.55,23.59,22.85,22.99
VTRS,2006-04-04,23.02,23.58,23.0,23.55
VTRS,2006-04-05,23.57,23.73,23.27,23.27
VTRS,2006-04-06,23.18,23.18,22.82,23.01
VTRS,2006-04-07,23.03,23.21,22.71,22.78
VTRS,2006-04-10,22.88,22.88,22.61,22.72
VTRS,2006-04-11,22.7,22.75,21.87,22.17
VTRS,2006-04-12,22.27,22.61,22.17,22.26
VTRS,2006-04-13,22.3,22.5,22.07,22.42
VTRS,2006-04-17,22.47,22.56,22.04,22.12
VTRS,2006-04-18,22.15,22.37,21.99,22.0
VTRS,2006-04-19,21.3,21.69,21.15,21.57
VTRS,2006-04-20,21.57,21.8,21.57,21.66
VTRS,2006-04-21,21.79,21.8,21.41,21.53
VTRS,2006-04-24,21.47,21.59,21.22,21.25
VTRS,2006-04-25,21.25,21.38,21.1,21.26
VTRS,2006-04-26,21.22,21.43,20.9,21.01
VTRS,2006-04-27,21.97,21.97,20.99,21.72
VTRS,2006-04-28,21.72,21.97,21.53,21.84
VTRS,2006-05-01,21.88,22.22,21.82,22.13
VTRS,2006-05-02,22.08,22.21,21.77,21.98
VTRS,2006-05-03,21.93,22.26,21.88,21.97
VTRS,2006-05-04,21.95,22.14,21.8,21.8
VTRS,2006-05-05,21.82,21.87,21.53,21.59
VTRS,2006-05-08,21.59,21.98,21.57,21.98
VTRS,2006-05-09,21.98,22.52,21.88,22.17
VTRS,2006-05-10,22.7,22.75,22.07,22.26
VTRS,2006-05-11,22.26,22.26,21.5,21.55
VTRS,2006-05-12,21.5,21.5,20.78,20.85
VTRS,2006-05-15,20.82,21.17,20.72,21.13
VTRS,2006-05-16,21.13,21.63,21.12,21.2
VTRS,2006-05-17,21.15,21.15,20.46,20.49
VTRS,2006-05-18,20.54,20.78,20.45,20.73
VTRS,2006-05-19,20.62,20.64,20.32,20.58
VTRS,2006-05-22,20.5,20.77,20.5,20.7
VTRS,2006-05-23,20.72,21.1,20.68,21.0
VTRS,2006-05-24,21.0,21.0,20.2,20.4
VTRS,2006-05-25,20.38,20.6,19.9,20.6
VTRS,2006-05-26,20.63,20.95,20.61,20.94
VTRS,2006-05-30,20.84,21.1,20.71,20.87
VTRS,2006-05-31,20.86,21.11,20.78,20.91
VTRS,2006-06-01,20.95,21.05,20.64,20.85
VTRS,2006-06-02,20.83,20.94,20.61,20.91
VTRS,2006-06-05,20.85,20.98,20.65,20.69
VTRS,2006-06-06,20.64,20.76,20.46,20.62
VTRS,2006-06-07,20.67,21.0,20.65,20.77
VTRS,2006-06-08,20.65,20.88,20.3,20.69
VTRS,2006-06-09,20.64,20.76,20.34,20.42
VTRS,2006-06-12,20.45,20.55,20.1,20.14
VTRS,2006-06-13,20.1,20.61,20.05,20.4
VTRS,2006-06-14,20.3,20.56,20.3,20.45
VTRS,2006-06-15,20.44,20.82,20.02,20.73
VTRS,2006-06-16,20.62,21.08,20.55,20.88
VTRS,2006-06-19,20.95,20.97,20.53,20.53
VTRS,2006-06-20,20.62,20.99,20.6,20.87
VTRS,2006-06-21,20.86,20.95,20.08,20.51
VTRS,2006-06-22,20.5,20.69,19.72,20.37
VTRS,2006-06-23,20.45,20.7,20.34,20.56
VTRS,2006-06-26,20.56,21.02,20.56,20.74
VTRS,2006-06-27,20.7,20.8,20.52,20.67
VTRS,2006-06-28,20.68,20.76,20.42,20.59
VTRS,2006-06-29,20.6,20.85,20.31,20.56
VTRS,2006-06-30,20.55,20.6,19.92,20.0
VTRS,2006-07-03,20.08,20.14,19.91,19.99
VTRS,2006-07-05,20.0,20.04,19.6,19.75
VTRS,2006-07-06,19.73,19.93,19.67,19.83
VTRS,2006-07-07,19.76,19.86,19.51,19.58
VTRS,2006-07-10,19.65,19.72,19.23,19.59
VTRS,2006-07-11,19.54,19.65,19.35,19.64
VTRS,2006-07-12,19.61,19.78,19.52,19.74
VTRS,2006-07-13,19.76,19.79,19.36,19.55
VTRS,2006-07-14,19.54,19.64,19.2,19.31
VTRS,2006-07-17,19.21,19.43,19.09,19.36
VTRS,2006-07-18,19.31,19.51,19.19,19.37
VTRS,2006-07-19,19.35,19.74,19.2,19.5
VTRS,2006-07-20,19.44,19.47,18.96,19.06
VTRS,2006-07-21,19.04,19.29,18.65,19.09
VTRS,2006-07-24,19.18,19.62,19.18,19.43
VTRS,2006-07-25,19.43,20.39,19.43,20.25
VTRS,2006-07-26,22.0,23.12,20.69,22.29
VTRS,2006-07-27,22.4,22.68,22.09,22.41
VTRS,2006-07-28,22.4,22.6,21.97,22.0
VTRS,2006-07-31,21.9,22.06,21.83,21.96
VTRS,2006-08-01,21.92,22.39,21.78,22.34
VTRS,2006-08-02,22.4,22.64,22.17,22.6
VTRS,2006-08-03,22.9,23.07,22.69,23.05
VTRS,2006-08-04,23.02,23.14,22.76,23.01
VTRS,2006-08-07,23.2,23.49,19.36,19.92
VTRS,2006-08-08,19.9,20.21,19.45,20.1
VTRS,2006-08-09,20.13,20.36,19.83,19.87
VTRS,2006-08-10,19.78,20.31,19.75,20.29
VTRS,2006-08-11,20.28,20.35,19.8,19.92
VTRS,2006-08-14,20.0,20.21,19.72,20.17
VTRS,2006-08-15,20.24,20.53,20.15,20.41
VTRS,2006-08-16,20.42,20.94,20.35,20.84
VTRS,2006-08-17,20.7,20.86,20.53,20.74
VTRS,2006-08-18,20.7,21.03,20.4,21.03
VTRS,2006-08-21,20.89,21.13,20.48,20.99
VTRS,2006-08-22,20.9,21.48,20.8,21.31
VTRS,2006-08-23,21.25,21.4,21.01,21.28
VTRS,2006-08-24,21.27,21.46,21.15,21.17
VTRS,2006-08-25,20.63,21.02,20.29,20.6
VTRS,2006-08-28,20.25,20.5,20.04,20.28
VTRS,2006-08-29,20.22,20.31,19.99,20.06
VTRS,2006-08-30,20.02,20.28,20.02,20.16
VTRS,2006-08-31,20.12,20.32,20.11,20.32
VTRS,2006-09-01,20.35,20.49,20.2,20.34
VTRS,2006-09-05,20.32,20.5,20.21,20.32
VTRS,2006-09-06,20.27,20.95,20.03,20.69
VTRS,2006-09-07,20.64,20.65,20.05,20.28
VTRS,2006-09-08,20.2,20.38,20.09,20.24
VTRS,2006-09-11,20.22,20.34,20.03,20.3
VTRS,2006-09-12,20.3,20.71,20.22,20.69
VTRS,2006-09-13,20.73,20.96,20.57,20.96
VTRS,2006-09-14,20.96,21.26,20.9,21.26
VTRS,2006-09-15,21.28,21.36,21.07,21.24
VTRS,2006-09-18,21.24,21.37,20.99,21.08
VTRS,2006-09-19,21.2,21.41,20.72,20.88
VTRS,2006-09-20,20.93,21.07,20.51,20.55
VTRS,2006-09-21,20.54,20.57,20.07,20.15
VTRS,2006-09-22,20.07,20.37,20.04,20.04
VTRS,2006-09-25,20.08,20.19,19.84,20.06
VTRS,2006-09-26,20.06,20.25,19.82,19.98
VTRS,2006-09-27,19.89,20.07,19.81,20.07
VTRS,2006-09-28,20.03,20.19,20.0,20.15
VTRS,2006-09-29,20.2,20.28,20.06,20.13
VTRS,2006-10-02,20.2,20.38,20.12,20.25
VTRS,2006-10-03,20.25,20.28,20.03,20.14
VTRS,2006-10-04,20.08,20.59,20.05,20.54
VTRS,2006-10-05,20.61,20.96,20.49,20.94
VTRS,2006-10-06,20.95,20.95,20.56,20.84
VTRS,2006-10-09,20.78,21.12,20.75,20.98
VTRS,2006-10-10,20.94,21.0,20.66,20.88
VTRS,2006-10-11,20.89,21.08,20.72,21.0
VTRS,2006-10-12,20.92,21.36,20.86,21.24
VTRS,2006-10-13,21.18,21.38,20.96,21.16
VTRS,2006-10-16,21.28,21.64,21.25,21.55
VTRS,2006-10-17,21.5,21.67,21.3,21.32
VTRS,2006-10-18,21.45,21.91,21.44,21.91
VTRS,2006-10-19,21.91,21.97,21.64,21.81
VTRS,2006-10-20,21.93,22.1,21.83,22.07
VTRS,2006-10-23,21.95,22.02,21.75,21.9
VTRS,2006-10-24,21.74,21.75,21.15,21.4
VTRS,2006-10-25,21.4,21.43,21.13,21.28
VTRS,2006-10-26,21.32,21.36,20.9,21.24
VTRS,2006-10-27,21.2,21.22,21.0,21.1
VTRS,2006-10-30,21.12,21.12,20.77,20.83
VTRS,2006-10-31,20.57,20.7,20.32,20.5
VTRS,2006-11-01,21.15,21.31,20.17,20.42
VTRS,2006-11-02,20.48,20.8,20.2,20.3
VTRS,2006-11-03,20.44,20.44,19.97,20.4
VTRS,2006-11-06,20.49,20.74,20.46,20.7
VTRS,2006-11-07,20.69,20.86,20.43,20.47
VTRS,2006-11-08,20.47,20.64,20.38,20.39
VTRS,2006-11-09,20.5,20.74,19.99,20.02
VTRS,2006-11-10,21.0,21.26,20.53,20.64
VTRS,2006-11-13,20.72,21.0,20.72,20.81
VTRS,2006-11-14,20.75,20.99,20.75,20.91
VTRS,2006-11-15,20.98,21.03,20.73,20.8
VTRS,2006-11-16,20.79,21.0,20.79,20.99
VTRS,2006-11-17,20.97,21.14,20.78,20.87
VTRS,2006-11-20,20.8,20.94,20.55,20.7
VTRS,2006-11-21,20.65,20.67,20.39,20.4
VTRS,2006-11-22,20.34,20.52,20.29,20.38
VTRS,2006-11-24,20.32,20.36,20.11,20.34
VTRS,2006-11-27,20.3,20.35,19.98,20.09
VTRS,2006-11-28,20.0,20.18,19.87,19.92
VTRS,2006-11-29,19.97,20.24,19.97,20.22
VTRS,2006-11-30,20.2,20.38,20.15,20.29
VTRS,2006-12-01,20.29,20.38,20.01,20.34
VTRS,2006-12-04,20.33,20.62,20.26,20.6
VTRS,2006-12-05,20.6,20.61,20.47,20.55
VTRS,2006-12-06,20.6,20.6,20.39,20.49
VTRS,2006-12-07,20.48,20.68,20.44,20.64
VTRS,2006-12-08,20.65,20.65,20.41,20.55
VTRS,2006-12-11,20.53,20.64,20.32,20.61
VTRS,2006-12-12,20.66,20.84,20.61,20.84
VTRS,2006-12-13,20.84,20.92,20.6,20.73
VTRS,2006-12-14,20.66,20.74,20.44,20.65
VTRS,2006-12-15,20.66,20.85,20.36,20.56
VTRS,2006-12-18,20.51,20.74,20.45,20.53
VTRS,2006-12-19,20.6,20.72,20.35,20.4
VTRS,2006-12-20,20.42,20.53,20.12,20.28
VTRS,2006-12-21,20.21,20.7,20.21,20.25
VTRS,2006-12-22,20.25,20.28,20.03,20.09
VTRS,2006-12-26,20.03,20.17,20.01,20.04
VTRS,2006-12-27,20.08,20.08,19.72,19.91
VTRS,2006-12-28,19.83,20.06,19.8,19.93
VTRS,2006-12-29,19.9,20.22,19.85,19.96
VTRS,2007-01-03,19.96,20.36,19.9,20.04
VTRS,2007-01-04,20.04,20.38,20.04,20.36
VTRS,2007-01-05,20.36,20.44,20.11,20.28
VTRS,2007-01-08,20.23,20.69,20.22,20.65
VTRS,2007-01-09,20.66,20.72,20.26,20.56
VTRS,2007-01-10,20.56,20.65,20.3,20.59
VTRS,2007-01-11,20.58,20.9,20.58,20.86
VTRS,2007-01-12,20.85,20.86,20.52,20.8
VTRS,2007-01-16,20.77,20.97,20.76,20.91
VTRS,2007-01-17,20.91,20.93,20.75,20.86
VTRS,2007-01-18,20.8,20.89,20.61,20.89
VTRS,2007-01-19,20.92,20.97,20.81,20.95
VTRS,2007-01-22,20.95,21.14,20.87,21.03
VTRS,2007-01-23,21.06,21.1,20.87,20.92
VTRS,2007-01-24,20.88,21.14,20.85,21.07
VTRS,2007-01-25,21.07,21.18,20.82,21.11
VTRS,2007-01-26,21.1,21.6,20.96,21.57
VTRS,2007-01-29,21.57,21.92,21.47,21.75
VTRS,2007-01-30,21.8,22.09,21.61,22.03
VTRS,2007-01-31,22.07,22.15,21.75,22.14
VTRS,2007-02-01,22.61,22.61,22.0,22.49
VTRS,2007-02-02,22.6,22.75,22.45,22.61
VTRS,2007-02-05,22.53,22.53,22.26,22.4
VTRS,2007-02-06,22.4,22.53,22.24,22.46
VTRS,2007-02-07,22.46,22.5,21.99,22.24
VTRS,2007-02-08,22.17,22.48,22.07,22.4
VTRS,2007-02-09,22.4,22.5,22.29,22.35
VTRS,2007-02-12,22.35,22.44,22.09,22.17
VTRS,2007-02-13,22.17,22.29,21.94,22.02
VTRS,2007-02-14,22.3,22.49,21.87,21.91
VTRS,2007-02-15,21.88,22.06,21.88,21.97
VTRS,2007-02-16,22.63,22.63,21.75,22.05
VTRS,2007-02-20,22.05,22.05,21.58,21.7
VTRS,2007-02-21,21.77,22.0,21.7,21.95
VTRS,2007-02-22,21.9,22.12,21.61,21.72
VTRS,2007-02-23,21.69,22.0,21.53,21.82
VTRS,2007-02-26,21.91,22.02,21.78,21.84
VTRS,2007-02-27,21.84,21.84,20.99,21.41
VTRS,2007-02-28,21.33,21.47,21.16,21.17
VTRS,2007-03-01,21.17,21.17,20.11,20.26
VTRS,2007-03-02,19.92,20.15,19.78,19.87
VTRS,2007-03-05,19.71,20.01,19.5,19.66
VTRS,2007-03-06,20.5,20.5,19.75,19.88
VTRS,2007-03-07,19.87,20.16,19.61,19.65
VTRS,2007-03-08,19.66,19.99,19.6,19.88
VTRS,2007-03-09,19.97,19.97,19.75,19.87
VTRS,2007-03-12,19.82,20.06,19.77,19.92
VTRS,2007-03-13,19.84,20.03,19.56,19.56
VTRS,2007-03-14,20.14,20.14,19.33,19.55
VTRS,2007-03-15,19.64,19.82,19.51,19.73
VTRS,2007-03-16,19.85,19.95,19.35,19.42
VTRS,2007-03-19,19.45,19.55,19.18,19.52
VTRS,2007-03-20,19.52,19.74,19.5,19.6
VTRS,2007-03-21,19.59,19.73,19.45,19.54
VTRS,2007-03-22,19.93,20.8,19.48,20.55
VTRS,2007-03-23,20.46,21.01,19.99,20.32
VTRS,2007-03-26,20.5,20.55,20.06,20.22
VTRS,2007-03-27,20.53,21.71,20.44,21.28
VTRS,2007-03-28,20.93,21.52,20.33,21.11
VTRS,2007-03-29,21.14,21.24,20.91,21.01
VTRS,2007-03-30,21.05,21.21,20.77,21.14
VTRS,2007-04-02,21.15,21.15,20.83,20.99
VTRS,2007-04-03,21.01,21.28,20.9,21.09
VTRS,2007-04-04,21.11,21.26,20.95,21.04
VTRS,2007-04-05,20.97,21.11,20.89,21.01
VTRS,2007-04-09,21.13,21.32,20.96,21.2
VTRS,2007-04-10,22.08,22.1,21.6,21.8
VTRS,2007-04-11,21.83,22.01,21.55,21.68
VTRS,2007-04-12,21.69,21.83,21.52,21.62
VTRS,2007-04-13,21.61,21.83,21.43,21.75
VTRS,2007-04-16,21.79,21.92,21.7,21.8
VTRS,2007-04-17,21.71,21.9,21.63,21.7
VTRS,2007-04-18,21.6,21.89,21.41,21.86
VTRS,2007-04-19,22.48,22.48,21.75,21.88
VTRS,2007-04-20,21.94,22.13,21.82,21.92
VTRS,2007-04-23,21.88,21.97,21.56,21.64
VTRS,2007-04-24,21.69,22.02,21.65,22.02
VTRS,2007-04-25,22.02,22.09,21.69,22.03
VTRS,2007-04-26,22.1,22.1,21.8,22.1
VTRS,2007-04-27,22.05,22.09,21.76,22.05
VTRS,2007-04-30,21.99,22.14,21.89,21.93
VTRS,2007-05-01,22.48,22.48,21.85,22.25
VTRS,2007-05-02,22.2,22.53,22.1,22.45
VTRS,2007-05-03,22.41,22.46,22.0,22.21
VTRS,2007-05-04,22.21,22.4,22.06,22.29
VTRS,2007-05-07,22.5,22.5,22.3,22.39
VTRS,2007-05-08,22.2,22.3,22.03,22.08
VTRS,2007-05-09,22.22,22.9,22.22,22.64
VTRS,2007-05-10,22.52,22.6,22.09,22.09
VTRS,2007-05-11,22.09,22.41,22.09,22.4
VTRS,2007-05-14,19.58,20.06,19.08,19.7
VTRS,2007-05-15,19.78,19.84,19.51,19.73
VTRS,2007-05-16,19.8,19.8,19.62,19.75
VTRS,2007-05-17,19.75,19.82,19.68,19.73
VTRS,2007-05-18,19.77,19.82,19.72,19.75
VTRS,2007-05-21,19.84,19.96,19.76,19.85
VTRS,2007-05-22,20.0,20.06,19.81,20.01
VTRS,2007-05-23,20.09,20.3,20.03,20.24
VTRS,2007-05-24,19.65,20.02,19.5,19.83
VTRS,2007-05-25,19.84,19.92,19.59,19.68
VTRS,2007-05-29,19.77,19.85,19.58,19.69
VTRS,2007-05-30,19.7,19.79,19.52,19.73
VTRS,2007-05-31,20.43,20.44,19.56,19.77
VTRS,2007-06-01,19.77,19.77,19.61,19.7
VTRS,2007-06-04,19.67,19.71,19.59,19.63
VTRS,2007-06-05,19.7,19.7,19.37,19.59
VTRS,2007-06-06,19.59,19.59,19.35,19.41
VTRS,2007-06-07,19.41,19.41,18.91,19.0
VTRS,2007-06-08,19.04,19.09,18.66,18.8
VTRS,2007-06-11,18.8,18.96,18.67,18.74
VTRS,2007-06-12,18.65,18.72,18.48,18.6
VTRS,2007-06-13,18.6,18.68,18.5,18.64
VTRS,2007-06-14,18.65,18.65,18.37,18.46
VTRS,2007-06-15,18.46,18.7,18.46,18.55
VTRS,2007-06-18,18.55,18.78,18.55,18.7
VTRS,2007-06-19,18.8,18.93,18.75,18.87
VTRS,2007-06-20,18.88,18.93,18.77,18.8
VTRS,2007-06-21,18.75,18.79,18.63,18.79
VTRS,2007-06-22,18.79,19.0,18.76,18.9
VTRS,2007-06-25,18.91,19.0,18.62,18.65
VTRS,2007-06-26,18.96,18.96,18.45,18.49
VTRS,2007-06-27,18.36,18.47,18.25,18.47
VTRS,2007-06-28,18.48,18.52,18.34,18.37
VTRS,2007-06-29,18.57,18.57,17.95,18.19
VTRS,2007-07-02,18.15,18.27,17.98,18.19
VTRS,2007-07-03,18.17,18.34,18.13,18.17
VTRS,2007-07-05,18.28,18.28,18.05,18.17
VTRS,2007-07-06,18.11,18.2,18.04,18.05
VTRS,2007-07-09,18.15,18.21,17.85,17.88
VTRS,2007-07-10,17.89,17.99,17.74,17.75
VTRS,2007-07-11,17.75,17.81,17.65,17.73
VTRS,2007-07-12,17.76,17.96,17.73,17.96
VTRS,2007-07-13,18.06,18.06,17.71,17.9
VTRS,2007-07-16,18.0,18.0,17.87,17.94
VTRS,2007-07-17,17.96,18.0,17.84,17.92
VTRS,2007-07-18,17.85,17.97,17.81,17.92
VTRS,2007-07-19,17.99,18.04,17.62,17.74
VTRS,2007-07-20,17.69,17.77,17.37,17.44
VTRS,2007-07-23,17.4,17.79,17.4,17.73
VTRS,2007-07-24,17.57,17.79,17.55,17.62
VTRS,2007-07-25,17.71,18.1,17.62,17.92
VTRS,2007-07-26,17.35,17.48,16.66,16.66
VTRS,2007-07-27,16.29,16.78,15.67,15.8
VTRS,2007-07-30,15.97,16.2,15.75,16.17
VTRS,2007-07-31,16.37,16.37,15.99,16.03
VTRS,2007-08-01,15.86,16.14,15.81,16.1
VTRS,2007-08-02,16.1,16.17,15.86,15.97
VTRS,2007-08-03,15.81,16.2,15.61,15.74
VTRS,2007-08-06,15.8,15.87,15.5,15.52
VTRS,2007-08-07,15.23,15.64,14.99,15.09
VTRS,2007-08-08,15.04,15.1,14.59,14.63
VTRS,2007-08-09,14.57,14.6,14.0,14.0
VTRS,2007-08-10,14.02,15.0,13.88,14.66
VTRS,2007-08-13,14.8,15.12,14.75,14.82
VTRS,2007-08-14,14.91,14.99,14.44,14.46
VTRS,2007-08-15,14.38,14.5,14.0,14.02
VTRS,2007-08-16,14.06,14.29,13.9,14.11
VTRS,2007-08-17,14.44,15.01,14.27,15.0
VTRS,2007-08-20,15.28,15.63,15.1,15.58
VTRS,2007-08-21,15.15,15.44,14.82,14.99
VTRS,2007-08-22,15.05,15.33,14.84,15.29
VTRS,2007-08-23,15.45,15.45,15.02,15.02
VTRS,2007-08-24,15.11,15.27,15.04,15.23
VTRS,2007-08-27,15.29,15.35,15.0,15.11
VTRS,2007-08-28,15.14,15.17,14.93,14.96
VTRS,2007-08-29,15.08,15.18,14.86,15.18
VTRS,2007-08-30,15.02,15.17,14.95,15.04
VTRS,2007-08-31,15.16,15.22,15.04,15.1
VTRS,2007-09-04,15.17,15.48,15.05,15.42
VTRS,2007-09-05,15.32,15.39,15.26,15.32
VTRS,2007-09-06,15.33,15.39,15.2,15.27
VTRS,2007-09-07,15.15,15.25,15.01,15.08
VTRS,2007-09-10,15.59,16.05,15.48,15.69
VTRS,2007-09-11,15.81,15.85,15.39,15.48
VTRS,2007-09-12,15.46,15.57,15.34,15.39
VTRS,2007-09-13,15.43,15.56,15.38,15.42
VTRS,2007-09-14,15.27,15.36,15.05,15.29
VTRS,2007-09-17,15.29,15.46,15.27,15.38
VTRS,2007-09-18,15.43,15.63,15.26,15.58
VTRS,2007-09-19,15.65,15.69,15.45,15.54
VTRS,2007-09-20,15.49,15.51,15.25,15.25
VTRS,2007-09-21,15.43,15.44,15.25,15.35
VTRS,2007-09-24,15.31,15.47,15.18,15.23
VTRS,2007-09-25,15.17,15.43,15.16,15.35
VTRS,2007-09-26,15.39,15.56,15.31,15.53
VTRS,2007-09-27,15.62,16.25,15.52,16.24
VTRS,2007-09-28,16.29,16.36,15.93,15.96
VTRS,2007-10-01,16.3,16.58,16.03,16.5
VTRS,2007-10-02,16.42,17.13,16.36,16.73
VTRS,2007-10-03,16.79,17.01,16.66,16.87
VTRS,2007-10-04,17.21,17.3,16.45,16.56
VTRS,2007-10-05,16.75,16.76,16.35,16.48
VTRS,2007-10-08,16.41,16.53,16.29,16.41
VTRS,2007-10-09,16.39,16.41,16.14,16.22
VTRS,2007-10-10,16.33,16.41,15.85,15.95
VTRS,2007-10-11,15.94,16.01,15.54,15.63
VTRS,2007-10-12,15.72,15.76,15.56,15.69
VTRS,2007-10-15,15.7,15.86,15.61,15.69
VTRS,2007-10-16,15.66,15.77,15.43,15.5
VTRS,2007-10-17,15.67,15.76,15.35,15.44
VTRS,2007-10-18,15.36,15.42,15.26,15.28
VTRS,2007-10-19,15.2,15.28,15.0,15.01
VTRS,2007-10-22,15.01,15.3,14.94,15.3
VTRS,2007-10-23,15.41,15.53,15.3,15.38
VTRS,2007-10-24,15.24,15.45,15.07,15.32
VTRS,2007-10-25,15.24,15.3,14.91,15.19
VTRS,2007-10-26,15.3,15.3,14.98,15.0
VTRS,2007-10-29,15.0,15.17,14.98,15.1
VTRS,2007-10-30,15.05,15.1,14.86,14.91
VTRS,2007-10-31,14.92,15.08,14.8,15.04
VTRS,2007-11-01,14.82,15.51,14.57,15.28
VTRS,2007-11-02,15.27,15.35,14.68,15.06
VTRS,2007-11-05,14.8,15.05,14.76,14.89
VTRS,2007-11-06,14.89,15.08,14.64,15.06
VTRS,2007-11-07,14.84,15.21,14.83,15.0
VTRS,2007-11-08,15.07,15.38,14.85,15.38
VTRS,2007-11-09,15.25,15.57,15.07,15.21
VTRS,2007-11-12,15.25,15.45,15.02,15.03
VTRS,2007-11-13,15.05,15.05,14.3,14.35
VTRS,2007-11-14,14.1,14.26,13.87,14.12
VTRS,2007-11-15,14.27,14.31,13.71,13.97
VTRS,2007-11-16,14.04,14.09,13.51,13.65
VTRS,2007-11-19,13.6,13.67,13.25,13.25
VTRS,2007-11-20,13.25,13.57,13.1,13.45
VTRS,2007-11-21,13.31,13.58,12.93,13.29
VTRS,2007-11-23,13.37,13.62,13.34,13.61
VTRS,2007-11-26,13.61,13.77,13.45,13.53
VTRS,2007-11-27,13.81,14.08,13.57,14.05
VTRS,2007-11-28,14.16,14.4,13.84,14.4
VTRS,2007-11-29,14.33,14.59,14.25,14.45
VTRS,2007-11-30,14.45,14.58,14.28,14.38
VTRS,2007-12-03,14.38,14.38,14.01,14.24
VTRS,2007-12-04,14.18,14.47,14.11,14.35
VTRS,2007-12-05,14.38,14.45,14.07,14.18
VTRS,2007-12-06,14.17,14.18,13.93,14.16
VTRS,2007-12-07,14.16,14.27,14.07,14.14
VTRS,2007-12-10,14.15,14.15,13.82,14.0
VTRS,2007-12-11,13.99,14.0,13.51,13.54
VTRS,2007-12-12,13.7,13.85,13.35,13.53
VTRS,2007-12-13,13.38,13.55,13.19,13.54
VTRS,2007-12-14,13.5,13.8,13.35,13.7
VTRS,2007-12-17,13.64,13.68,13.41,13.46
VTRS,2007-12-18,13.8,13.9,13.49,13.77
VTRS,2007-12-19,13.8,13.81,13.57,13.74
VTRS,2007-12-20,13.72,13.75,13.37,13.64
VTRS,2007-12-21,13.7,13.9,13.5,13.5
VTRS,2007-12-24,13.48,13.76,13.43,13.75
VTRS,2007-12-26,13.66,13.97,13.65,13.87
VTRS,2007-12-27,13.9,13.92,13.69,13.8
VTRS,2007-12-28,13.8,14.1,13.77,14.05
VTRS,2007-12-31,14.15,14.15,13.81,14.06
VTRS,2008-01-02,14.02,14.21,13.84,13.88
VTRS,2008-01-03,13.9,14.05,13.56,13.67
VTRS,2008-01-04,13.51,13.81,13.5,13.69
VTRS,2008-01-07,13.75,14.16,13.7,14.14
VTRS,2008-01-08,14.2,14.5,14.11,14.22
VTRS,2008-01-09,14.4,14.88,14.4,14.84
VTRS,2008-01-10,14.76,15.2,14.74,15.1
VTRS,2008-01-11,15.1,15.46,15.1,15.4
VTRS,2008-01-14,15.45,15.46,14.88,15.04
VTRS,2008-01-15,14.89,15.1,14.84,14.96
VTRS,2008-01-16,14.86,15.49,14.86,15.35
VTRS,2008-01-17,15.26,15.31,15.09,15.21
VTRS,2008-01-18,15.31,15.47,14.85,15.1
VTRS,2008-01-22,14.4,14.93,14.4,14.84
VTRS,2008-01-23,14.73,14.73,14.27,14.67
VTRS,2008-01-24,14.71,14.8,14.43,14.61
VTRS,2008-01-25,14.61,14.76,14.48,14.57
VTRS,2008-01-28,14.57,14.65,14.46,14.65
VTRS,2008-01-29,14.71,14.98,14.6,14.77
VTRS,2008-01-30,14.74,15.26,14.65,14.93
VTRS,2008-01-31,14.97,15.0,14.61,14.84
VTRS,2008-02-01,14.88,15.01,14.59,14.92
VTRS,2008-02-04,14.92,15.23,14.89,15.09
VTRS,2008-02-05,14.86,15.07,14.58,14.61
VTRS,2008-02-06,14.76,14.76,13.75,13.81
VTRS,2008-02-07,13.71,13.76,12.85,13.09
VTRS,2008-02-08,13.11,13.15,12.88,12.98
VTRS,2008-02-11,13.03,13.08,12.83,12.92
VTRS,2008-02-12,12.97,13.04,12.82,12.93
VTRS,2008-02-13,12.99,13.02,12.91,13.0
VTRS,2008-02-14,13.03,13.21,12.83,12.94
VTRS,2008-02-15,12.97,12.98,12.84,12.96
VTRS,2008-02-19,13.02,13.1,12.81,12.86
VTRS,2008-02-20,12.82,12.97,12.75,12.93
VTRS,2008-02-21,13.03,13.11,12.8,12.84
VTRS,2008-02-22,12.91,12.98,12.69,12.94
VTRS,2008-02-25,12.92,13.05,12.86,13.05
VTRS,2008-02-26,13.15,13.4,12.92,13.27
VTRS,2008-02-27,13.29,13.5,13.05,13.15
VTRS,2008-02-28,12.04,12.49,12.0,12.03
VTRS,2008-02-29,12.0,12.12,11.71,11.84
VTRS,2008-03-03,11.8,11.89,11.23,11.45
VTRS,2008-03-04,11.5,11.55,11.1,11.18
VTRS,2008-03-05,11.18,11.27,10.67,10.81
VTRS,2008-03-06,10.75,10.89,10.52,10.55
VTRS,2008-03-07,10.5,10.62,10.04,10.6
VTRS,2008-03-10,10.63,10.92,10.2,10.33
VTRS,2008-03-11,10.52,10.75,10.05,10.47
VTRS,2008-03-12,10.55,10.6,10.37,10.5
VTRS,2008-03-13,10.38,10.79,10.23,10.69
VTRS,2008-03-14,11.17,11.32,10.88,11.07
VTRS,2008-03-17,10.85,11.35,10.76,10.77
VTRS,2008-03-18,10.95,11.21,10.88,11.18
VTRS,2008-03-19,11.25,11.38,10.98,11.02
VTRS,2008-03-20,11.07,11.17,10.96,11.1
VTRS,2008-03-24,11.12,11.51,11.1,11.42
VTRS,2008-03-25,11.5,11.64,11.44,11.58
VTRS,2008-03-26,11.53,11.92,11.44,11.87
VTRS,2008-03-27,12.04,12.04,11.45,11.56
VTRS,2008-03-28,11.63,11.74,11.42,11.49
VTRS,2008-03-31,11.51,11.68,11.34,11.6
VTRS,2008-04-01,11.72,12.0,11.53,11.89
VTRS,2008-04-02,11.89,12.03,11.82,11.97
VTRS,2008-04-03,11.91,12.26,11.88,12.22
VTRS,2008-04-04,12.21,12.46,12.17,12.33
VTRS,2008-04-07,12.4,12.76,12.33,12.6
VTRS,2008-04-08,12.51,13.34,12.46,12.98
VTRS,2008-04-09,13.01,13.08,12.25,12.38
VTRS,2008-04-10,12.38,12.38,12.0,12.18
VTRS,2008-04-11,12.18,12.3,12.08,12.19
VTRS,2008-04-14,12.15,12.44,12.13,12.38
VTRS,2008-04-15,12.48,12.59,12.25,12.54
VTRS,2008-04-16,12.51,12.8,12.41,12.75
VTRS,2008-04-17,12.69,12.77,12.51,12.65
VTRS,2008-04-18,12.93,12.93,12.34,12.51
VTRS,2008-04-21,12.51,12.66,12.3,12.59
VTRS,2008-04-22,12.53,12.58,12.19,12.39
VTRS,2008-04-23,12.41,12.55,12.31,12.52
VTRS,2008-04-24,12.51,13.02,12.51,12.89
VTRS,2008-04-25,12.93,13.1,12.85,12.96
VTRS,2008-04-28,13.05,13.17,12.83,12.95
VTRS,2008-04-29,12.91,13.34,12.91,13.22
VTRS,2008-04-30,13.4,13.4,13.06,13.17
VTRS,2008-05-01,13.18,13.33,13.1,13.3
VTRS,2008-05-02,13.38,13.4,13.04,13.22
VTRS,2008-05-05,13.28,13.3,12.88,13.14
VTRS,2008-05-06,13.1,13.2,12.95,13.1
VTRS,2008-05-07,13.05,13.15,12.63,12.81
VTRS,2008-05-08,12.89,12.89,12.33,12.46
VTRS,2008-05-09,11.99,12.0,10.9,11.42
VTRS,2008-05-12,11.42,11.79,11.42,11.59
VTRS,2008-05-13,11.65,11.78,11.27,11.4
VTRS,2008-05-14,11.43,11.89,11.4,11.73
VTRS,2008-05-15,11.64,12.1,11.64,11.97
VTRS,2008-05-16,11.95,12.31,11.91,12.22
VTRS,2008-05-19,12.25,12.57,12.14,12.39
VTRS,2008-05-20,12.41,12.58,12.3,12.46
VTRS,2008-05-21,12.54,12.67,12.29,12.34
VTRS,2008-05-22,12.31,12.74,12.25,12.64
VTRS,2008-05-23,12.6,12.7,12.48,12.6
VTRS,2008-05-27,12.58,12.88,12.51,12.85
VTRS,2008-05-28,12.8,13.12,12.7,12.84
VTRS,2008-05-29,12.79,13.09,12.76,13.04
VTRS,2008-05-30,13.15,13.43,13.15,13.35
VTRS,2008-06-02,13.5,13.54,12.98,13.19
VTRS,2008-06-03,13.21,13.4,13.0,13.1
VTRS,2008-06-04,13.07,13.53,13.02,13.14
VTRS,2008-06-05,13.2,13.5,13.0,13.06
VTRS,2008-06-06,13.03,13.11,12.62,12.74
VTRS,2008-06-09,12.78,12.86,12.52,12.64
VTRS,2008-06-10,12.83,13.08,12.59,12.91
VTRS,2008-06-11,12.91,12.91,12.55,12.58
VTRS,2008-06-12,12.67,12.74,12.38,12.46
VTRS,2008-06-13,12.56,12.8,12.47,12.59
VTRS,2008-06-16,12.53,12.75,12.39,12.66
VTRS,2008-06-17,12.7,12.78,12.57,12.58
VTRS,2008-06-18,12.44,12.79,12.34,12.43
VTRS,2008-06-19,12.4,12.52,12.3,12.42
VTRS,2008-06-20,12.35,12.42,11.9,11.99
VTRS,2008-06-23,12.09,12.09,11.86,11.96
VTRS,2008-06-24,11.9,12.15,11.77,12.04
VTRS,2008-06-25,12.03,12.28,11.95,12.12
VTRS,2008-06-26,12.02,12.13,11.53,11.56
VTRS,2008-06-27,11.6,12.3,11.59,12.16
VTRS,2008-06-30,12.15,12.24,11.26,12.07
VTRS,2008-07-01,12.03,12.2,11.82,12.05
VTRS,2008-07-02,12.07,12.3,12.05,12.15
VTRS,2008-07-03,12.22,12.22,11.78,11.85
VTRS,2008-07-07,11.97,11.97,11.39,11.67
VTRS,2008-07-08,11.74,12.34,11.67,12.29
VTRS,2008-07-09,12.26,12.95,12.0,12.27
VTRS,2008-07-10,12.18,12.43,11.97,12.12
VTRS,2008-07-11,11.97,12.23,11.71,11.99
VTRS,2008-07-14,12.03,12.25,11.81,11.89
VTRS,2008-07-15,11.73,12.19,11.6,12.02
VTRS,2008-07-16,12.01,12.15,11.7,12.13
VTRS,2008-07-17,12.5,13.15,12.1,12.73
VTRS,2008-07-18,13.04,13.04,12.7,12.83
VTRS,2008-07-21,12.8,13.03,12.73,12.9
VTRS,2008-07-22,12.72,13.26,12.71,13.21
VTRS,2008-07-23,13.12,13.55,13.06,13.49
VTRS,2008-07-24,13.45,13.45,13.1,13.12
VTRS,2008-07-25,13.19,13.51,12.85,13.26
VTRS,2008-07-28,13.19,13.38,12.72,12.74
VTRS,2008-07-29,12.75,12.84,12.49,12.74
VTRS,2008-07-30,12.81,13.15,12.66,13.01
VTRS,2008-07-31,13.01,13.26,12.83,12.97
VTRS,2008-08-01,13.33,13.33,12.72,12.76
VTRS,2008-08-04,12.78,13.09,12.69,12.92
VTRS,2008-08-05,13.04,13.33,12.99,13.16
VTRS,2008-08-06,13.82,14.4,13.29,13.65
VTRS,2008-08-07,13.6,14.45,13.6,13.99
VTRS,2008-08-08,14.07,14.29,13.93,14.02
VTRS,2008-08-11,13.97,14.27,13.66,13.98
VTRS,2008-08-12,13.83,14.04,13.55,13.66
VTRS,2008-08-13,13.65,13.89,13.26,13.57
VTRS,2008-08-14,13.48,13.85,13.42,13.79
VTRS,2008-08-15,13.84,13.89,13.5,13.72
VTRS,2008-08-18,13.78,13.78,13.2,13.43
VTRS,2008-08-19,13.41,13.41,13.11,13.23
VTRS,2008-08-20,13.32,13.32,12.82,12.92
VTRS,2008-08-21,12.8,13.06,12.76,12.98
VTRS,2008-08-22,13.16,13.49,13.16,13.44
VTRS,2008-08-25,13.3,13.42,13.04,13.2
VTRS,2008-08-26,13.3,13.46,13.11,13.31
VTRS,2008-08-27,13.31,13.45,13.07,13.19
VTRS,2008-08-28,13.23,13.29,12.99,13.0
VTRS,2008-08-29,13.01,13.15,12.84,12.89
VTRS,2008-09-02,12.89,13.14,12.68,12.83
VTRS,2008-09-03,12.84,12.9,12.6,12.87
VTRS,2008-09-04,12.82,13.01,12.66,12.84
VTRS,2008-09-05,12.72,12.84,12.46,12.5
VTRS,2008-09-08,12.69,12.8,12.33,12.42
VTRS,2008-09-09,11.8,12.45,10.93,11.1
VTRS,2008-09-10,11.49,11.59,11.11,11.47
VTRS,2008-09-11,11.39,11.71,11.28,11.6
VTRS,2008-09-12,11.58,11.66,11.36,11.55
VTRS,2008-09-15,11.35,11.46,10.87,11.04
VTRS,2008-09-16,11.0,11.79,10.67,10.85
VTRS,2008-09-17,11.01,11.68,11.01,11.01
VTRS,2008-09-18,11.03,11.98,11.03,11.76
VTRS,2008-09-19,12.26,12.48,11.35,11.8
VTRS,2008-09-22,11.6,11.98,11.5,11.57
VTRS,2008-09-23,11.72,11.94,11.41,11.47
VTRS,2008-09-24,11.4,11.9,11.35,11.73
VTRS,2008-09-25,12.02,12.17,11.91,11.99
VTRS,2008-09-26,11.78,11.92,11.51,11.7
VTRS,2008-09-29,11.59,11.7,10.85,11.0
VTRS,2008-09-30,11.13,11.49,10.79,11.42
VTRS,2008-10-01,11.36,11.55,11.21,11.28
VTRS,2008-10-02,11.31,11.49,10.64,10.66
VTRS,2008-10-03,10.84,10.87,10.13,10.27
VTRS,2008-10-06,10.05,10.21,7.82,9.0
VTRS,2008-10-07,9.02,9.4,8.45,8.52
VTRS,2008-10-08,8.4,8.63,7.58,7.73
VTRS,2008-10-09,8.49,8.49,7.48,7.59
VTRS,2008-10-10,7.21,7.57,6.31,7.22
VTRS,2008-10-13,8.1,8.8,7.44,8.7
VTRS,2008-10-14,9.21,9.25,8.53,8.81
VTRS,2008-10-15,8.85,8.88,7.27,7.3
VTRS,2008-10-16,7.65,7.75,6.93,7.72
VTRS,2008-10-17,7.59,8.4,7.25,8.21
VTRS,2008-10-20,8.29,8.34,7.46,7.99
VTRS,2008-10-21,7.89,8.11,7.7,7.82
VTRS,2008-10-22,7.66,7.78,6.76,7.03
VTRS,2008-10-23,7.07,7.2,6.23,6.62
VTRS,2008-10-24,6.19,6.35,5.9,6.26
VTRS,2008-10-27,6.14,6.25,5.77,5.77
VTRS,2008-10-28,5.98,6.52,5.75,6.52
VTRS,2008-10-29,6.55,7.31,6.52,6.98
VTRS,2008-10-30,8.49,8.74,7.5,8.17
VTRS,2008-10-31,8.17,8.98,7.96,8.57
VTRS,2008-11-03,8.77,8.81,8.49,8.77
VTRS,2008-11-04,9.01,9.19,8.56,9.09
VTRS,2008-11-05,8.93,9.5,8.83,9.11
VTRS,2008-11-06,8.88,9.24,8.88,9.1
VTRS,2008-11-07,9.11,9.53,8.98,9.33
VTRS,2008-11-10,9.67,9.8,9.17,9.38
VTRS,2008-11-11,9.24,10.0,8.93,9.92
VTRS,2008-11-12,9.85,9.87,9.01,9.11
VTRS,2008-11-13,9.19,9.4,8.1,9.32
VTRS,2008-11-14,9.15,9.5,8.91,9.13
VTRS,2008-11-17,9.01,9.07,8.69,8.78
VTRS,2008-11-18,8.74,9.1,8.5,8.79
VTRS,2008-11-19,8.74,8.88,7.87,7.93
VTRS,2008-11-20,7.72,8.15,7.18,7.31
VTRS,2008-11-21,7.49,7.89,7.09,7.82
VTRS,2008-11-24,7.98,9.0,7.69,8.74
VTRS,2008-11-25,8.93,9.14,8.68,9.0
VTRS,2008-11-26,8.71,9.34,8.62,9.24
VTRS,2008-11-28,9.3,9.45,9.18,9.41
VTRS,2008-12-01,9.13,9.33,8.8,8.85
VTRS,2008-12-02,8.95,9.4,8.69,9.36
VTRS,2008-12-03,9.14,9.79,9.14,9.71
VTRS,2008-12-04,9.51,9.76,9.22,9.4
VTRS,2008-12-05,9.25,9.75,9.01,9.73
VTRS,2008-12-08,9.8,10.08,9.58,9.96
VTRS,2008-12-09,9.85,10.11,9.63,9.8
VTRS,2008-12-10,9.77,10.08,9.55,9.82
VTRS,2008-12-11,9.65,10.06,9.58,9.77
VTRS,2008-12-12,9.34,9.64,9.12,9.31
VTRS,2008-12-15,9.35,9.45,8.72,8.97
VTRS,2008-12-16,9.07,9.7,8.99,9.67
VTRS,2008-12-17,9.3,10.06,9.0,9.74
VTRS,2008-12-18,9.74,9.96,9.42,9.66
VTRS,2008-12-19,9.61,9.91,9.45,9.65
VTRS,2008-12-22,9.63,9.77,9.1,9.36
VTRS,2008-12-23,9.49,9.59,9.23,9.56
VTRS,2008-12-24,9.58,9.66,9.46,9.62
VTRS,2008-12-26,9.67,9.74,9.26,9.47
VTRS,2008-12-29,9.37,9.51,9.07,9.51
VTRS,2008-12-30,9.61,9.74,9.39,9.68
VTRS,2008-12-31,9.65,10.0,9.49,9.89
VTRS,2009-01-02,9.93,10.02,9.78,10.02
VTRS,2009-01-05,10.0,10.1,9.65,9.86
VTRS,2009-01-06,10.05,10.56,9.9,10.33
VTRS,2009-01-07,10.3,10.7,10.12,10.19
VTRS,2009-01-08,10.43,10.6,10.25,10.5
VTRS,2009-01-09,10.5,10.82,10.25,10.68
VTRS,2009-01-12,10.75,11.06,10.43,11.04
VTRS,2009-01-13,10.93,11.28,10.85,11.05
VTRS,2009-01-14,11.1,11.1,10.47,10.63
VTRS,2009-01-15,10.68,10.84,10.22,10.65
VTRS,2009-01-16,10.85,11.01,10.69,11.0
VTRS,2009-01-20,10.9,11.23,10.31,10.36
VTRS,2009-01-21,10.55,10.8,10.29,10.8
VTRS,2009-01-22,10.71,11.34,10.66,11.14
VTRS,2009-01-23,10.93,11.11,10.62,10.93
VTRS,2009-01-26,10.78,11.42,10.78,11.33
VTRS,2009-01-27,11.44,11.51,11.28,11.51
VTRS,2009-01-28,11.55,11.79,11.33,11.65
VTRS,2009-01-29,11.55,11.77,11.35,11.43
VTRS,2009-01-30,11.38,11.67,11.12,11.33
VTRS,2009-02-02,11.11,11.58,11.06,11.41
VTRS,2009-02-03,11.72,11.74,11.32,11.55
VTRS,2009-02-04,11.75,11.85,11.58,11.64
VTRS,2009-02-05,11.57,11.79,11.38,11.63
VTRS,2009-02-06,11.63,11.97,11.6,11.81
VTRS,2009-02-09,11.75,12.0,11.62,11.89
VTRS,2009-02-10,11.88,12.0,11.3,11.36
VTRS,2009-02-11,11.43,11.88,11.38,11.82
VTRS,2009-02-12,11.6,11.93,11.57,11.93
VTRS,2009-02-13,11.96,11.98,11.65,11.8
VTRS,2009-02-17,11.43,11.6,11.26,11.43
VTRS,2009-02-18,11.43,11.7,11.25,11.47
VTRS,2009-02-19,11.68,12.03,11.41,11.57
VTRS,2009-02-20,11.98,12.81,11.84,12.61
VTRS,2009-02-23,12.99,13.37,12.68,12.87
VTRS,2009-02-24,13.1,13.15,12.53,12.95
VTRS,2009-02-25,13.32,13.32,12.85,13.09
VTRS,2009-02-26,13.25,13.42,12.43,12.6
VTRS,2009-02-27,12.79,12.82,12.1,12.43
VTRS,2009-03-02,12.16,12.24,11.53,11.62
VTRS,2009-03-03,11.88,12.04,11.14,11.45
VTRS,2009-03-04,11.82,12.19,11.57,12.01
VTRS,2009-03-05,11.66,12.17,11.66,12.15
VTRS,2009-03-06,12.68,12.68,11.72,11.97
VTRS,2009-03-09,11.85,12.29,11.82,12.0
VTRS,2009-03-10,12.14,12.55,11.76,12.33
VTRS,2009-03-11,12.61,12.61,12.21,12.36
VTRS,2009-03-12,12.4,13.0,12.36,12.96
VTRS,2009-03-13,13.0,13.4,12.91,13.27
VTRS,2009-03-16,13.28,13.47,12.98,13.05
VTRS,2009-03-17,13.05,13.57,12.98,13.53
VTRS,2009-03-18,13.37,13.85,13.21,13.57
VTRS,2009-03-19,13.6,13.65,12.97,13.21
VTRS,2009-03-20,13.27,13.39,12.79,12.88
VTRS,2009-03-23,13.21,13.45,12.99,13.45
VTRS,2009-03-24,13.19,13.67,13.19,13.55
VTRS,2009-03-25,13.5,13.69,13.11,13.38
VTRS,2009-03-26,13.54,13.79,13.47,13.69
VTRS,2009-03-27,13.59,13.77,13.09,13.25
VTRS,2009-03-30,13.1,13.17,12.81,13.05
VTRS,2009-03-31,13.12,13.56,13.08,13.41
VTRS,2009-04-01,13.2,13.41,12.97,13.4
VTRS,2009-04-02,13.55,14.04,13.5,13.84
VTRS,2009-04-03,13.9,14.17,13.71,14.04
VTRS,2009-04-06,14.18,14.67,13.96,14.37
VTRS,2009-04-07,14.25,14.36,14.0,14.02
VTRS,2009-04-08,13.97,14.5,13.97,14.39
VTRS,2009-04-09,14.45,14.94,14.11,14.21
VTRS,2009-04-13,14.1,14.35,13.9,13.94
VTRS,2009-04-14,13.85,14.19,13.65,13.76
VTRS,2009-04-15,13.5,14.33,13.47,13.96
VTRS,2009-04-16,14.25,14.51,13.85,14.42
VTRS,2009-04-17,14.33,14.79,14.31,14.6
VTRS,2009-04-20,14.5,14.59,14.04,14.13
VTRS,2009-04-21,14.0,14.4,13.77,13.99
VTRS,2009-04-22,14.53,14.53,13.89,14.1
VTRS,2009-04-23,14.49,14.49,13.84,14.35
VTRS,2009-04-24,14.45,14.54,14.12,14.28
VTRS,2009-04-27,14.22,14.56,14.16,14.42
VTRS,2009-04-28,14.44,14.78,14.3,14.51
VTRS,2009-04-29,14.85,14.91,14.42,14.54
VTRS,2009-04-30,14.19,14.59,12.8,13.25
VTRS,2009-05-01,13.36,13.41,12.81,13.0
VTRS,2009-05-04,13.1,13.32,12.79,13.25
VTRS,2009-05-05,13.0,13.47,13.0,13.4
VTRS,2009-05-06,13.46,13.55,13.17,13.27
VTRS,2009-05-07,13.36,13.84,13.3,13.43
VTRS,2009-05-08,13.55,13.75,13.45,13.72
VTRS,2009-05-11,13.7,14.06,13.53,13.84
VTRS,2009-05-12,14.03,14.05,13.53,13.64
VTRS,2009-05-13,13.7,13.7,13.28,13.41
VTRS,2009-05-14,13.05,13.19,12.51,12.67
VTRS,2009-05-15,12.92,13.06,12.55,12.76
VTRS,2009-05-18,12.87,13.24,12.77,13.13
VTRS,2009-05-19,13.13,13.19,12.78,12.84
VTRS,2009-05-20,12.76,12.96,12.75,12.83
VTRS,2009-05-21,12.75,13.0,12.5,12.62
VTRS,2009-05-22,12.68,12.78,12.5,12.58
VTRS,2009-05-26,12.58,13.21,12.5,13.13
VTRS,2009-05-27,13.0,13.23,12.93,12.94
VTRS,2009-05-28,12.7,12.93,12.65,12.77
VTRS,2009-05-29,13.03,13.21,12.76,13.21
VTRS,2009-06-01,13.3,13.72,13.27,13.62
VTRS,2009-06-02,13.53,13.72,13.41,13.52
VTRS,2009-06-03,13.56,13.56,13.18,13.27
VTRS,2009-06-04,13.47,13.63,13.19,13.58
VTRS,2009-06-05,13.59,13.77,13.37,13.7
VTRS,2009-06-08,13.85,13.85,13.32,13.58
VTRS,2009-06-09,13.75,13.75,13.38,13.55
VTRS,2009-06-10,13.46,13.55,13.13,13.28
VTRS,2009-06-11,13.5,14.01,13.5,13.79
VTRS,2009-06-12,13.72,13.81,13.56,13.62
VTRS,2009-06-15,13.5,13.64,13.01,13.06
VTRS,2009-06-16,13.02,13.13,12.86,12.93
VTRS,2009-06-17,13.2,13.26,12.78,13.0
VTRS,2009-06-18,13.09,13.25,13.0,13.13
VTRS,2009-06-19,12.89,13.22,12.89,13.06
VTRS,2009-06-22,12.82,12.97,12.62,12.63
VTRS,2009-06-23,12.61,12.71,12.51,12.6
VTRS,2009-06-24,12.94,12.99,12.61,12.9
VTRS,2009-06-25,12.83,13.35,12.75,13.26
VTRS,2009-06-26,13.34,13.49,13.08,13.42
VTRS,2009-06-29,13.5,13.5,13.15,13.25
VTRS,2009-06-30,13.17,13.3,12.94,13.05
VTRS,2009-07-01,13.13,13.13,12.76,12.8
VTRS,2009-07-02,12.82,12.85,12.3,12.42
VTRS,2009-07-06,12.35,12.36,12.11,12.26
VTRS,2009-07-07,12.31,12.37,12.07,12.21
VTRS,2009-07-08,12.44,12.55,12.14,12.23
VTRS,2009-07-09,12.13,12.46,12.08,12.41
VTRS,2009-07-10,12.09,12.46,12.09,12.17
VTRS,2009-07-13,12.25,12.26,12.01,12.23
VTRS,2009-07-14,12.34,12.41,12.2,12.35
VTRS,2009-07-15,12.39,12.5,12.31,12.36
VTRS,2009-07-16,12.48,12.61,12.31,12.52
VTRS,2009-07-17,12.61,12.63,12.34,12.44
VTRS,2009-07-20,12.4,12.91,12.4,12.89
VTRS,2009-07-21,13.06,13.12,12.9,13.12
VTRS,2009-07-22,12.97,13.16,12.88,12.94
VTRS,2009-07-23,13.06,13.5,12.96,13.41
VTRS,2009-07-24,13.39,13.93,13.27,13.85
VTRS,2009-07-27,13.08,13.1,11.66,12.1
VTRS,2009-07-28,12.31,13.37,11.97,12.56
VTRS,2009-07-29,12.67,13.0,12.41,12.91
VTRS,2009-07-30,13.3,13.55,12.91,13.13
VTRS,2009-07-31,13.16,13.44,13.13,13.19
VTRS,2009-08-03,13.34,13.5,13.17,13.48
VTRS,2009-08-04,13.23,13.67,13.23,13.66
VTRS,2009-08-05,13.55,13.59,13.13,13.3
VTRS,2009-08-06,13.46,13.46,13.08,13.12
VTRS,2009-08-07,13.33,13.46,13.11,13.19
VTRS,2009-08-10,13.16,13.32,13.08,13.22
VTRS,2009-08-11,13.23,13.44,13.23,13.31
VTRS,2009-08-12,13.39,13.85,13.3,13.6
VTRS,2009-08-13,13.6,14.42,13.55,14.21
VTRS,2009-08-14,14.25,14.25,13.82,13.99
VTRS,2009-08-17,13.79,14.0,13.7,13.96
VTRS,2009-08-18,13.95,14.13,13.92,13.99
VTRS,2009-08-19,14.0,14.22,13.8,14.07
VTRS,2009-08-20,13.95,14.43,13.95,14.33
VTRS,2009-08-21,14.49,14.49,14.25,14.39
VTRS,2009-08-24,14.5,14.7,14.4,14.63
VTRS,2009-08-25,14.72,14.75,14.5,14.67
VTRS,2009-08-26,14.5,14.75,14.35,14.54
VTRS,2009-08-27,14.35,14.99,14.35,14.88
VTRS,2009-08-28,15.0,15.0,14.62,14.8
VTRS,2009-08-31,14.77,14.87,14.45,14.67
VTRS,2009-09-01,14.7,14.74,14.18,14.27
VTRS,2009-09-02,14.23,14.41,14.01,14.34
VTRS,2009-09-03,14.48,14.48,14.04,14.32
VTRS,2009-09-04,14.36,14.54,14.25,14.53
VTRS,2009-09-08,14.58,14.73,14.47,14.69
VTRS,2009-09-09,14.35,14.5,14.12,14.41
VTRS,2009-09-10,14.48,15.54,14.29,15.48
VTRS,2009-09-11,15.52,15.59,15.07,15.16
VTRS,2009-09-14,15.22,15.3,15.05,15.24
VTRS,2009-09-15,15.3,15.43,15.05,15.26
VTRS,2009-09-16,15.3,15.89,15.29,15.85
VTRS,2009-09-17,15.89,15.89,15.67,15.71
VTRS,2009-09-18,15.79,16.16,15.71,16.08
VTRS,2009-09-21,15.93,16.07,15.86,15.99
VTRS,2009-09-22,16.1,16.43,15.96,16.13
VTRS,2009-09-23,16.16,16.44,16.03,16.21
VTRS,2009-09-24,16.43,16.47,15.97,16.15
VTRS,2009-09-25,16.08,16.17,15.88,16.06
VTRS,2009-09-28,16.15,16.27,16.01,16.12
VTRS,2009-09-29,16.19,16.24,15.96,16.15
VTRS,2009-09-30,16.06,16.21,15.75,16.01
VTRS,2009-10-01,15.77,16.21,15.5,15.59
VTRS,2009-10-02,15.53,15.98,15.42,15.88
VTRS,2009-10-05,15.97,16.26,15.83,16.22
VTRS,2009-10-06,16.07,16.35,16.0,16.07
VTRS,2009-10-07,16.15,16.75,15.98,16.69
VTRS,2009-10-08,16.75,16.95,16.38,16.44
VTRS,2009-10-09,16.52,16.79,16.3,16.79
VTRS,2009-10-12,16.79,16.82,16.51,16.65
VTRS,2009-10-13,16.64,16.7,16.31,16.37
VTRS,2009-10-14,16.42,16.81,16.39,16.75
VTRS,2009-10-15,16.78,16.9,16.65,16.75
VTRS,2009-10-16,16.61,16.87,16.55,16.67
VTRS,2009-10-19,16.83,16.83,16.42,16.54
VTRS,2009-10-20,16.35,16.6,16.14,16.3
VTRS,2009-10-21,16.3,16.51,16.11,16.12
VTRS,2009-10-22,16.15,16.51,15.89,16.51
VTRS,2009-10-23,16.39,16.47,16.04,16.13
VTRS,2009-10-26,15.97,16.37,15.89,15.99
VTRS,2009-10-27,16.1,16.39,16.02,16.3
VTRS,2009-10-28,16.23,16.36,15.71,15.77
VTRS,2009-10-29,16.2,16.73,16.2,16.5
VTRS,2009-10-30,16.6,16.83,16.17,16.24
VTRS,2009-11-02,16.35,16.69,16.21,16.37
VTRS,2009-11-03,16.34,16.73,16.14,16.69
VTRS,2009-11-04,16.84,17.19,16.78,16.86
VTRS,2009-11-05,17.0,17.44,16.82,17.42
VTRS,2009-11-06,17.28,17.49,17.11,17.47
VTRS,2009-11-09,17.51,17.94,17.5,17.91
VTRS,2009-11-10,17.67,17.9,17.5,17.57
VTRS,2009-11-11,17.84,17.88,17.32,17.5
VTRS,2009-11-12,17.4,17.48,17.23,17.25
VTRS,2009-11-13,17.5,17.72,17.26,17.54
VTRS,2009-11-16,17.55,18.1,17.51,17.99
VTRS,2009-11-17,17.8,17.99,17.75,17.89
VTRS,2009-11-18,17.84,17.87,17.51,17.65
VTRS,2009-11-19,17.61,17.62,17.33,17.43
VTRS,2009-11-20,17.44,17.63,17.31,17.55
VTRS,2009-11-23,17.74,18.08,17.65,17.98
VTRS,2009-11-24,18.07,18.45,17.98,18.3
VTRS,2009-11-25,18.15,18.43,18.14,18.29
VTRS,2009-11-27,17.87,18.15,17.79,18.01
VTRS,2009-11-30,17.99,18.0,17.77,17.87
VTRS,2009-12-01,18.02,18.31,17.98,18.23
VTRS,2009-12-02,18.38,18.6,18.31,18.51
VTRS,2009-12-03,18.49,18.55,18.19,18.2
VTRS,2009-12-04,18.39,18.52,17.83,17.99
VTRS,2009-12-07,18.02,18.45,18.02,18.18
VTRS,2009-12-08,18.14,18.3,17.93,18.14
VTRS,2009-12-09,18.15,18.2,17.92,18.12
VTRS,2009-12-10,18.32,18.42,18.16,18.17
VTRS,2009-12-11,18.25,18.6,18.09,18.52
VTRS,2009-12-14,18.64,18.79,18.57,18.77
VTRS,2009-12-15,18.8,19.09,18.59,19.04
VTRS,2009-12-16,19.01,19.21,18.81,18.86
VTRS,2009-12-17,18.71,18.73,18.27,18.42
VTRS,2009-12-18,18.54,18.65,18.25,18.25
VTRS,2009-12-21,18.59,19.0,18.48,18.91
VTRS,2009-12-22,18.87,19.03,18.7,18.89
VTRS,2009-12-23,18.98,18.99,18.68,18.74
VTRS,2009-12-24,18.75,18.8,18.68,18.74
VTRS,2009-12-28,18.68,18.84,18.61,18.69
VTRS,2009-12-29,18.7,18.8,18.61,18.61
VTRS,2009-12-30,18.63,18.7,18.44,18.61
VTRS,2009-12-31,18.62,18.67,18.43,18.43
VTRS,2010-01-04,18.35,18.77,18.31,18.72
VTRS,2010-01-05,18.45,18.66,18.28,18.52
VTRS,2010-01-06,18.37,18.5,18.26,18.34
VTRS,2010-01-07,18.19,18.34,18.02,18.03
VTRS,2010-01-08,17.7,17.8,16.75,17.42
VTRS,2010-01-11,17.44,17.82,17.44,17.77
VTRS,2010-01-12,17.51,17.75,17.34,17.41
VTRS,2010-01-13,17.5,17.88,17.43,17.81
VTRS,2010-01-14,17.75,17.97,17.73,17.87
VTRS,2010-01-15,17.62,18.22,17.62,18.2
VTRS,2010-01-19,18.1,18.75,18.09,18.74
VTRS,2010-01-20,18.6,18.73,18.11,18.22
VTRS,2010-01-21,18.27,18.43,17.88,17.94
VTRS,2010-01-22,17.92,18.07,17.74,17.78
VTRS,2010-01-25,17.68,18.0,17.68,17.68
VTRS,2010-01-26,17.58,18.2,17.57,18.09
VTRS,2010-01-27,18.1,18.26,17.98,18.25
VTRS,2010-01-28,18.25,18.29,17.65,17.93
VTRS,2010-01-29,18.01,18.47,18.0,18.23
VTRS,2010-02-01,18.35,18.45,18.0,18.12
VTRS,2010-02-02,18.21,18.24,17.82,18.2
VTRS,2010-02-03,18.31,18.32,17.86,18.01
VTRS,2010-02-04,17.89,18.03,17.55,17.78
VTRS,2010-02-05,17.86,17.99,17.49,17.89
VTRS,2010-02-08,17.99,18.0,17.71,17.76
VTRS,2010-02-09,17.8,17.96,17.54,17.68
VTRS,2010-02-10,17.61,17.8,17.29,17.61
VTRS,2010-02-11,17.53,18.31,17.51,18.29
VTRS,2010-02-12,17.96,18.34,17.8,18.31
VTRS,2010-02-16,18.4,18.7,18.29,18.68
VTRS,2010-02-17,18.7,18.92,18.51,18.87
VTRS,2010-02-18,18.9,18.96,18.7,18.86
VTRS,2010-02-19,18.85,19.1,18.84,19.07
VTRS,2010-02-22,19.15,19.7,19.01,19.61
VTRS,2010-02-23,19.5,19.7,19.13,19.16
VTRS,2010-02-24,19.12,19.57,19.12,19.42
VTRS,2010-02-25,20.03,21.03,19.96,20.7
VTRS,2010-02-26,20.7,21.47,20.56,21.34
VTRS,2010-03-01,21.4,21.6,21.12,21.38
VTRS,2010-03-02,21.47,21.51,21.24,21.35
VTRS,2010-03-03,21.44,21.44,21.04,21.13
VTRS,2010-03-04,21.01,21.4,20.86,21.29
VTRS,2010-03-05,21.38,21.87,21.21,21.77
VTRS,2010-03-08,21.59,21.72,21.39,21.42
VTRS,2010-03-09,21.6,21.62,21.35,21.61
VTRS,2010-03-10,21.69,22.0,21.57,21.81
VTRS,2010-03-11,21.77,22.05,21.72,21.98
VTRS,2010-03-12,22.0,22.04,21.79,21.95
VTRS,2010-03-15,22.0,22.0,21.72,21.95
VTRS,2010-03-16,21.77,22.1,21.76,22.09
VTRS,2010-03-17,22.05,22.22,21.99,22.1
VTRS,2010-03-18,22.04,22.42,22.04,22.36
VTRS,2010-03-19,22.5,22.88,22.33,22.53
VTRS,2010-03-22,22.59,23.0,22.57,22.91
VTRS,2010-03-23,23.24,23.3,22.9,22.92
VTRS,2010-03-24,22.86,22.93,22.54,22.66
VTRS,2010-03-25,22.87,22.96,22.22,22.26
VTRS,2010-03-26,22.4,22.44,22.01,22.38
VTRS,2010-03-29,22.53,22.95,22.35,22.87
VTRS,2010-03-30,22.82,22.9,22.58,22.65
VTRS,2010-03-31,22.8,22.97,22.59,22.71
VTRS,2010-04-01,22.9,23.33,22.79,23.16
VTRS,2010-04-05,23.14,23.63,23.01,23.25
VTRS,2010-04-06,23.2,23.23,22.81,22.83
VTRS,2010-04-07,22.8,23.03,22.55,22.72
VTRS,2010-04-08,22.59,22.68,22.28,22.55
VTRS,2010-04-09,22.63,22.7,22.43,22.54
VTRS,2010-04-12,22.6,22.82,22.45,22.53
VTRS,2010-04-13,22.53,22.73,22.49,22.53
VTRS,2010-04-14,22.52,22.55,21.88,22.1
VTRS,2010-04-15,21.89,22.18,21.86,22.05
VTRS,2010-04-16,21.99,22.12,21.6,21.75
VTRS,2010-04-19,21.59,21.85,21.41,21.57
VTRS,2010-04-20,21.6,21.91,21.5,21.81
VTRS,2010-04-21,21.81,22.12,21.62,22.08
VTRS,2010-04-22,22.08,22.18,21.7,21.96
VTRS,2010-04-23,22.04,22.25,21.87,22.24
VTRS,2010-04-26,22.4,22.4,21.7,21.75
VTRS,2010-04-27,21.72,21.89,21.32,21.36
VTRS,2010-04-28,21.41,21.84,21.37,21.71
VTRS,2010-04-29,21.47,21.86,20.52,21.77
VTRS,2010-04-30,21.72,22.19,21.65,22.01
VTRS,2010-05-03,21.91,22.34,21.88,22.03
VTRS,2010-05-04,21.73,21.91,21.28,21.36
VTRS,2010-05-05,21.4,22.06,21.29,21.83
VTRS,2010-05-06,21.79,21.93,20.51,21.37
VTRS,2010-05-07,21.38,21.66,20.89,21.34
VTRS,2010-05-10,21.59,21.96,21.43,21.82
VTRS,2010-05-11,21.5,21.93,21.42,21.77
VTRS,2010-05-12,21.66,21.68,20.96,21.6
VTRS,2010-05-13,21.5,21.65,21.06,21.14
VTRS,2010-05-14,21.1,21.13,20.32,20.52
VTRS,2010-05-17,20.5,20.64,20.06,20.6
VTRS,2010-05-18,20.75,20.77,19.97,19.99
VTRS,2010-05-19,19.84,20.43,19.68,20.23
VTRS,2010-05-20,19.88,20.07,19.35,19.44
VTRS,2010-05-21,19.25,19.59,19.15,19.51
VTRS,2010-05-24,19.32,19.51,19.15,19.24
VTRS,2010-05-25,18.7,19.16,18.69,19.15
VTRS,2010-05-26,19.18,19.72,19.15,19.32
VTRS,2010-05-27,19.79,19.85,19.58,19.82
VTRS,2010-05-28,19.76,19.8,19.4,19.44
VTRS,2010-06-01,19.32,19.44,18.89,18.94
VTRS,2010-06-02,18.9,19.07,18.65,18.95
VTRS,2010-06-03,19.06,19.11,18.68,18.85
VTRS,2010-06-04,18.51,18.81,18.4,18.5
VTRS,2010-06-07,18.5,18.83,18.43,18.43
VTRS,2010-06-08,18.39,18.4,17.64,17.83
VTRS,2010-06-09,18.12,18.25,17.82,17.96
VTRS,2010-06-10,18.32,18.33,18.0,18.28
VTRS,2010-06-11,18.08,18.42,18.08,18.32
VTRS,2010-06-14,18.43,18.48,17.91,17.95
VTRS,2010-06-15,18.17,18.43,17.97,18.39
VTRS,2010-06-16,18.02,18.23,17.51,17.9
VTRS,2010-06-17,17.95,18.38,17.95,18.36
VTRS,2010-06-18,18.45,18.81,18.29,18.63
VTRS,2010-06-21,18.74,18.84,17.89,17.97
VTRS,2010-06-22,18.08,18.39,17.97,18.07
VTRS,2010-06-23,18.34,18.34,17.65,17.79
VTRS,2010-06-24,17.79,17.86,17.65,17.74
VTRS,2010-06-25,17.75,17.98,17.62,17.93
VTRS,2010-06-28,17.91,18.03,17.59,17.67
VTRS,2010-06-29,17.52,17.56,17.1,17.25
VTRS,2010-06-30,17.18,17.41,16.89,17.04
VTRS,2010-07-01,16.91,16.98,16.55,16.86
VTRS,2010-07-02,16.83,17.13,16.64,16.89
VTRS,2010-07-06,17.0,17.27,16.89,17.02
VTRS,2010-07-07,16.94,17.48,16.81,17.44
VTRS,2010-07-08,17.22,17.92,17.22,17.85
VTRS,2010-07-09,17.86,17.86,17.4,17.61
VTRS,2010-07-12,17.59,17.67,17.42,17.52
VTRS,2010-07-13,17.63,17.95,17.62,17.85
VTRS,2010-07-14,17.78,17.99,17.68,17.85
VTRS,2010-07-15,17.98,18.44,17.85,18.32
VTRS,2010-07-16,18.31,18.31,17.58,17.71
VTRS,2010-07-19,17.76,18.26,17.62,18.11
VTRS,2010-07-20,17.81,18.18,17.73,18.17
VTRS,2010-07-21,18.15,18.29,17.72,17.78
VTRS,2010-07-22,17.9,18.18,17.54,17.79
VTRS,2010-07-23,17.8,17.92,17.57,17.76
VTRS,2010-07-26,17.74,18.33,17.72,18.28
VTRS,2010-07-27,18.38,18.69,18.06,18.09
VTRS,2010-07-28,18.1,18.29,17.9,17.91
VTRS,2010-07-29,17.91,18.26,17.26,17.49
VTRS,2010-07-30,17.12,17.54,16.87,17.4
VTRS,2010-08-02,17.64,17.87,17.45,17.79
VTRS,2010-08-03,17.49,17.95,17.4,17.48
VTRS,2010-08-04,17.45,17.76,17.39,17.74
VTRS,2010-08-05,17.64,17.75,17.57,17.63
VTRS,2010-08-06,17.47,17.67,17.26,17.65
VTRS,2010-08-09,17.91,18.15,17.82,18.1
VTRS,2010-08-10,18.02,18.24,17.86,18.1
VTRS,2010-08-11,17.82,17.88,17.43,17.53
VTRS,2010-08-12,17.23,17.64,17.22,17.45
VTRS,2010-08-13,17.32,17.57,17.25,17.46
VTRS,2010-08-16,17.32,17.52,17.24,17.42
VTRS,2010-08-17,17.64,18.01,17.53,17.95
VTRS,2010-08-18,18.0,18.01,17.7,17.77
VTRS,2010-08-19,17.74,17.8,17.43,17.6
VTRS,2010-08-20,17.56,17.66,17.21,17.54
VTRS,2010-08-23,17.56,17.81,17.49,17.55
VTRS,2010-08-24,17.43,17.54,17.18,17.35
VTRS,2010-08-25,17.25,17.44,17.19,17.38
VTRS,2010-08-26,17.38,17.39,16.97,16.97
VTRS,2010-08-27,17.19,17.47,16.98,17.34
VTRS,2010-08-30,17.25,17.3,17.02,17.03
VTRS,2010-08-31,16.97,17.3,16.97,17.16
VTRS,2010-09-01,17.32,17.51,17.25,17.45
VTRS,2010-09-02,17.42,17.65,17.34,17.44
VTRS,2010-09-03,17.57,17.83,17.45,17.79
VTRS,2010-09-07,17.78,17.78,17.59,17.65
VTRS,2010-09-08,17.73,17.83,17.47,17.57
VTRS,2010-09-09,17.75,17.78,17.57,17.7
VTRS,2010-09-10,17.82,17.95,17.75,17.9
VTRS,2010-09-13,18.0,18.05,17.84,17.95
VTRS,2010-09-14,17.88,18.12,17.86,18.02
VTRS,2010-09-15,17.95,18.11,17.89,18.02
VTRS,2010-09-16,18.0,18.18,17.89,18.15
VTRS,2010-09-17,18.11,18.3,18.04,18.2
VTRS,2010-09-20,18.25,18.43,18.21,18.4
VTRS,2010-09-21,18.41,18.45,18.16,18.3
VTRS,2010-09-22,18.3,18.42,18.02,18.37
VTRS,2010-09-23,18.54,18.8,18.41,18.45
VTRS,2010-09-24,18.66,18.97,18.57,18.92
VTRS,2010-09-27,18.87,18.93,18.64,18.65
VTRS,2010-09-28,18.75,18.9,18.39,18.8
VTRS,2010-09-29,18.72,18.95,18.72,18.8
VTRS,2010-09-30,18.84,18.99,18.72,18.81
VTRS,2010-10-01,18.85,18.97,18.63,18.9
VTRS,2010-10-04,18.9,18.99,18.6,18.68
VTRS,2010-10-05,18.88,18.92,18.68,18.85
VTRS,2010-10-06,18.8,18.96,18.64,18.79
VTRS,2010-10-07,18.79,18.86,18.53,18.62
VTRS,2010-10-08,18.59,18.69,18.47,18.6
VTRS,2010-10-11,18.57,18.6,18.33,18.4
VTRS,2010-10-12,18.6,18.8,18.45,18.73
VTRS,2010-10-13,18.86,19.03,18.7,18.93
VTRS,2010-10-14,18.84,18.99,18.83,18.94
VTRS,2010-10-15,19.11,19.33,18.9,19.31
VTRS,2010-10-18,19.31,19.36,18.59,18.94
VTRS,2010-10-19,18.9,19.02,18.7,18.83
VTRS,2010-10-20,18.89,19.24,18.8,18.98
VTRS,2010-10-21,19.01,19.35,18.81,19.17
VTRS,2010-10-22,19.22,19.46,19.07,19.38
VTRS,2010-10-25,19.54,19.8,19.48,19.65
VTRS,2010-10-26,19.65,19.77,19.45,19.6
VTRS,2010-10-27,19.17,20.26,19.15,20.25
VTRS,2010-10-28,20.21,20.55,20.11,20.5
VTRS,2010-10-29,20.43,20.54,20.26,20.32
VTRS,2010-11-01,20.37,20.46,20.13,20.18
VTRS,2010-11-02,20.42,20.57,20.08,20.16
VTRS,2010-11-03,20.16,20.28,19.95,20.16
VTRS,2010-11-04,20.3,20.38,20.03,20.24
VTRS,2010-11-05,20.32,20.33,20.04,20.14
VTRS,2010-11-08,20.03,20.18,19.88,19.99
VTRS,2010-11-09,20.04,20.05,19.35,19.48
VTRS,2010-11-10,19.5,19.6,19.33,19.5
VTRS,2010-11-11,19.43,19.58,19.3,19.47
VTRS,2010-11-12,19.41,19.52,19.08,19.25
VTRS,2010-11-15,19.45,19.51,19.15,19.24
VTRS,2010-11-16,19.07,19.25,18.95,18.96
VTRS,2010-11-17,18.89,19.18,18.82,19.01
VTRS,2010-11-18,19.35,19.45,19.2,19.25
VTRS,2010-11-19,19.2,19.85,18.99,19.85
VTRS,2010-11-22,19.75,20.18,19.63,20.14
VTRS,2010-11-23,19.92,20.14,19.75,20.14
VTRS,2010-11-24,20.28,20.63,20.25,20.52
VTRS,2010-11-26,20.38,20.43,20.17,20.33
VTRS,2010-11-29,20.18,20.63,19.7,20.04
VTRS,2010-11-30,19.82,19.94,19.49,19.57
VTRS,2010-12-01,19.75,20.08,19.64,19.78
VTRS,2010-12-02,19.74,19.79,19.6,19.74
VTRS,2010-12-03,19.74,19.93,19.52,19.9
VTRS,2010-12-06,19.83,20.23,19.72,20.16
VTRS,2010-12-07,20.35,20.43,20.05,20.13
VTRS,2010-12-08,20.13,20.25,19.97,20.08
VTRS,2010-12-09,20.17,20.23,20.0,20.11
VTRS,2010-12-10,20.21,20.21,19.97,20.14
VTRS,2010-12-13,20.13,20.2,19.79,19.84
VTRS,2010-12-14,19.97,20.72,19.9,20.68
VTRS,2010-12-15,20.63,20.95,20.63,20.85
VTRS,2010-12-16,20.92,21.36,20.73,21.33
VTRS,2010-12-17,21.29,21.46,21.14,21.4
VTRS,2010-12-20,21.48,21.48,21.01,21.2
VTRS,2010-12-21,21.28,21.34,21.07,21.21
VTRS,2010-12-22,21.21,21.49,21.21,21.41
VTRS,2010-12-23,21.39,21.42,21.26,21.41
VTRS,2010-12-27,21.35,21.49,21.17,21.42
VTRS,2010-12-28,21.4,21.48,21.24,21.26
VTRS,2010-12-29,21.33,21.37,21.14,21.2
VTRS,2010-12-30,21.2,21.26,21.1,21.17
VTRS,2010-12-31,21.11,21.21,20.94,21.13
VTRS,2011-01-03,21.2,21.76,21.2,21.66
VTRS,2011-01-04,21.64,21.67,21.4,21.55
VTRS,2011-01-05,21.38,21.73,21.3,21.69
VTRS,2011-01-06,21.81,22.5,21.76,22.46
VTRS,2011-01-07,22.46,22.54,22.11,22.32
VTRS,2011-01-10,22.17,22.55,22.08,22.42
VTRS,2011-01-11,22.44,22.72,22.4,22.59
VTRS,2011-01-12,22.71,22.79,22.4,22.6
VTRS,2011-01-13,22.53,22.83,22.52,22.73
VTRS,2011-01-14,22.63,22.8,22.6,22.8
VTRS,2011-01-18,22.91,24.07,22.9,23.83
VTRS,2011-01-19,23.62,23.66,22.91,23.01
VTRS,2011-01-20,22.94,23.59,22.94,23.41
VTRS,2011-01-21,23.29,23.46,22.97,23.01
VTRS,2011-01-24,23.03,23.56,23.0,23.52
VTRS,2011-01-25,23.51,23.85,23.33,23.8
VTRS,2011-01-26,23.82,24.17,23.76,23.96
VTRS,2011-01-27,24.0,24.07,23.5,23.7
VTRS,2011-01-28,23.76,23.85,22.88,22.91
VTRS,2011-01-31,22.91,23.27,22.79,23.16
VTRS,2011-02-01,23.25,23.8,23.25,23.54
VTRS,2011-02-02,23.42,23.59,23.1,23.14
VTRS,2011-02-03,23.08,23.55,22.9,23.55
VTRS,2011-02-04,23.54,23.58,23.02,23.15
VTRS,2011-02-07,23.2,23.4,23.02,23.32
VTRS,2011-02-08,23.32,23.34,22.97,23.0
VTRS,2011-02-09,23.09,23.33,23.0,23.32
VTRS,2011-02-10,23.3,23.45,23.06,23.42
VTRS,2011-02-11,23.33,23.52,23.27,23.35
VTRS,2011-02-14,23.31,23.41,22.94,23.37
VTRS,2011-02-15,23.29,23.5,23.25,23.34
VTRS,2011-02-16,23.35,23.57,23.22,23.34
VTRS,2011-02-17,23.41,23.64,23.25,23.61
VTRS,2011-02-18,23.54,23.6,23.26,23.34
VTRS,2011-02-22,23.32,23.38,22.83,22.85
VTRS,2011-02-23,22.82,23.05,22.27,22.46
VTRS,2011-02-24,22.34,22.4,21.52,22.13
VTRS,2011-02-25,22.28,22.86,22.03,22.61
VTRS,2011-02-28,22.95,23.21,22.58,22.87
VTRS,2011-03-01,22.98,22.98,22.59,22.67
VTRS,2011-03-02,22.64,22.93,22.57,22.66
VTRS,2011-03-03,22.84,23.21,22.82,23.1
VTRS,2011-03-04,23.08,23.13,22.68,22.74
VTRS,2011-03-07,22.93,23.03,22.34,22.53
VTRS,2011-03-08,22.49,23.0,22.39,22.84
VTRS,2011-03-09,22.82,22.82,22.46,22.66
VTRS,2011-03-10,22.37,22.54,22.05,22.33
VTRS,2011-03-11,22.26,22.52,22.0,22.35
VTRS,2011-03-14,22.19,22.29,22.06,22.23
VTRS,2011-03-15,21.72,22.11,21.59,21.8
VTRS,2011-03-16,21.66,21.66,20.95,21.14
VTRS,2011-03-17,21.4,21.57,21.22,21.48
VTRS,2011-03-18,21.68,21.82,21.46,21.66
VTRS,2011-03-21,21.95,22.17,21.78,21.8
VTRS,2011-03-22,21.8,22.11,21.72,22.06
VTRS,2011-03-23,21.98,22.03,21.56,21.96
VTRS,2011-03-24,22.05,22.42,21.78,22.34
VTRS,2011-03-25,22.32,22.49,22.08,22.31
VTRS,2011-03-28,22.36,22.42,22.12,22.12
VTRS,2011-03-29,22.16,22.45,22.1,22.45
VTRS,2011-03-30,22.49,22.88,22.47,22.78
VTRS,2011-03-31,22.81,22.86,22.49,22.66
VTRS,2011-04-01,22.88,23.23,22.6,23.23
VTRS,2011-04-04,23.21,23.5,23.15,23.37
VTRS,2011-04-05,23.27,23.46,23.08,23.33
VTRS,2011-04-06,23.47,23.56,22.96,23.2
VTRS,2011-04-07,23.18,23.44,23.08,23.24
VTRS,2011-04-08,23.37,23.5,23.09,23.44
VTRS,2011-04-11,23.5,23.79,23.5,23.6
VTRS,2011-04-12,23.5,23.66,23.32,23.48
VTRS,2011-04-13,23.5,23.62,23.35,23.49
VTRS,2011-04-14,23.31,23.39,23.1,23.17
VTRS,2011-04-15,23.32,23.98,23.09,23.89
VTRS,2011-04-18,23.69,23.75,23.26,23.48
VTRS,2011-04-19,23.55,24.06,22.96,24.02
VTRS,2011-04-20,24.1,25.1,24.1,24.79
VTRS,2011-04-21,24.74,24.93,24.56,24.66
VTRS,2011-04-25,24.85,25.04,24.66,25.02
VTRS,2011-04-26,25.03,25.35,24.84,25.2
VTRS,2011-04-27,25.37,25.46,25.02,25.23
VTRS,2011-04-28,25.15,25.21,24.93,25.01
VTRS,2011-04-29,24.95,25.07,24.79,24.92
VTRS,2011-05-02,25.13,25.24,24.73,24.84
VTRS,2011-05-03,24.59,24.68,23.84,24.23
VTRS,2011-05-04,23.98,24.28,23.73,24.08
VTRS,2011-05-05,23.92,24.23,23.71,24.04
VTRS,2011-05-06,24.23,24.24,23.69,23.9
VTRS,2011-05-09,23.9,24.05,23.66,23.99
VTRS,2011-05-10,24.01,24.26,23.73,24.21
VTRS,2011-05-11,24.1,24.2,23.5,23.58
VTRS,2011-05-12,23.58,24.13,23.41,24.09
VTRS,2011-05-13,24.21,24.23,23.8,24.09
VTRS,2011-05-16,23.95,24.09,23.63,23.81
VTRS,2011-05-17,23.72,23.72,23.39,23.64
VTRS,2011-05-18,23.65,23.95,23.46,23.91
VTRS,2011-05-19,23.95,24.1,23.6,24.08
VTRS,2011-05-20,24.1,24.21,23.74,23.82
VTRS,2011-05-23,23.46,23.62,23.09,23.31
VTRS,2011-05-24,23.5,23.61,23.29,23.38
VTRS,2011-05-25,23.24,23.32,22.89,22.97
VTRS,2011-05-26,22.88,23.08,22.76,23.01
VTRS,2011-05-27,23.01,23.44,22.95,23.4
VTRS,2011-05-31,23.57,23.65,23.26,23.55
VTRS,2011-06-01,23.55,23.6,23.11,23.21
VTRS,2011-06-02,23.21,23.27,22.94,23.24
VTRS,2011-06-03,22.98,23.1,22.77,22.84
VTRS,2011-06-06,22.73,22.8,22.39,22.42
VTRS,2011-06-07,22.44,22.71,22.38,22.56
VTRS,2011-06-08,22.55,22.62,22.37,22.53
VTRS,2011-06-09,22.54,22.63,22.42,22.56
VTRS,2011-06-10,22.42,22.53,22.01,22.04
VTRS,2011-06-13,22.02,22.3,21.91,22.09
VTRS,2011-06-14,22.24,22.67,22.12,22.53
VTRS,2011-06-15,22.35,22.47,22.05,22.07
VTRS,2011-06-16,22.16,22.29,21.99,22.15
VTRS,2011-06-17,22.43,22.46,22.1,22.27
VTRS,2011-06-20,22.25,22.67,22.15,22.57
VTRS,2011-06-21,22.6,22.9,22.31,22.85
VTRS,2011-06-22,22.71,23.65,22.63,22.85
VTRS,2011-06-23,22.6,22.99,22.3,22.92
VTRS,2011-06-24,23.1,23.37,22.79,23.11
VTRS,2011-06-27,23.04,23.33,22.84,23.23
VTRS,2011-06-28,23.32,23.76,23.23,23.75
VTRS,2011-06-29,23.76,24.2,23.63,24.18
VTRS,2011-06-30,24.22,24.9,24.16,24.67
VTRS,2011-07-01,24.67,24.99,24.52,24.97
VTRS,2011-07-05,24.87,24.91,24.69,24.78
VTRS,2011-07-06,24.83,24.9,24.62,24.75
VTRS,2011-07-07,24.98,25.0,24.76,24.9
VTRS,2011-07-08,24.74,25.0,24.57,24.98
VTRS,2011-07-11,24.74,24.78,24.27,24.33
VTRS,2011-07-12,24.39,24.6,24.13,24.13
VTRS,2011-07-13,24.28,24.4,23.99,24.02
VTRS,2011-07-14,24.18,24.31,23.8,23.86
VTRS,2011-07-15,23.91,23.95,23.47,23.57
VTRS,2011-07-18,23.54,23.54,22.87,23.13
VTRS,2011-07-19,23.25,23.71,23.2,23.69
VTRS,2011-07-20,23.6,23.69,23.34,23.39
VTRS,2011-07-21,23.56,23.85,23.48,23.71
VTRS,2011-07-22,23.65,23.94,23.54,23.94
VTRS,2011-07-25,23.83,23.91,23.53,23.56
VTRS,2011-07-26,23.61,23.76,23.42,23.55
VTRS,2011-07-27,23.36,23.54,22.77,22.9
VTRS,2011-07-28,22.91,23.4,22.85,23.2
VTRS,2011-07-29,23.05,23.26,22.73,22.78
VTRS,2011-08-01,22.99,23.15,22.02,22.15
VTRS,2011-08-02,22.08,22.15,20.82,20.85
VTRS,2011-08-03,20.86,21.08,20.33,20.41
VTRS,2011-08-04,20.13,20.32,18.98,19.07
VTRS,2011-08-05,19.27,19.56,18.45,19.26
VTRS,2011-08-08,18.69,19.03,17.88,17.88
VTRS,2011-08-09,18.07,18.64,17.29,18.59
VTRS,2011-08-10,18.17,18.36,17.36,17.38
VTRS,2011-08-11,17.44,19.04,17.36,18.79
VTRS,2011-08-12,18.97,19.53,18.8,19.24
VTRS,2011-08-15,19.39,19.86,19.39,19.82
VTRS,2011-08-16,19.58,20.09,19.47,20.01
VTRS,2011-08-17,20.03,20.15,19.54,19.85
VTRS,2011-08-18,19.19,19.49,18.38,18.56
VTRS,2011-08-19,18.31,18.52,17.74,17.83
VTRS,2011-08-22,18.27,18.32,17.67,17.74
VTRS,2011-08-23,17.79,18.4,17.6,18.37
VTRS,2011-08-24,18.2,18.75,18.12,18.73
VTRS,2011-08-25,18.81,18.84,18.14,18.27
VTRS,2011-08-26,18.15,19.41,17.86,19.23
VTRS,2011-08-29,19.37,20.06,19.37,20.04
VTRS,2011-08-30,19.93,20.47,19.76,20.39
VTRS,2011-08-31,20.44,20.88,20.4,20.75
VTRS,2011-09-01,20.88,20.96,20.23,20.25
VTRS,2011-09-02,19.96,19.96,19.34,19.4
VTRS,2011-09-06,18.95,19.49,18.84,19.27
VTRS,2011-09-07,19.53,19.85,19.32,19.85
VTRS,2011-09-08,19.76,19.83,19.45,19.49
VTRS,2011-09-09,19.33,19.54,18.97,19.36
VTRS,2011-09-12,19.06,19.56,18.96,19.53
VTRS,2011-09-13,19.6,20.54,19.27,20.22
VTRS,2011-09-14,20.18,20.35,19.19,20.07
VTRS,2011-09-15,20.33,20.8,19.8,20.14
VTRS,2011-09-16,20.28,20.88,20.06,20.51
VTRS,2011-09-19,20.19,20.41,19.88,20.29
VTRS,2011-09-20,20.34,20.61,20.16,20.19
VTRS,2011-09-21,20.24,20.41,19.4,19.41
VTRS,2011-09-22,18.82,18.95,18.0,18.32
VTRS,2011-09-23,18.19,18.6,18.13,18.29
VTRS,2011-09-26,18.43,18.67,17.79,18.48
VTRS,2011-09-27,18.48,18.95,18.39,18.51
VTRS,2011-09-28,18.54,18.58,17.65,17.71
VTRS,2011-09-29,17.97,18.29,17.37,17.69
VTRS,2011-09-30,17.41,17.54,16.99,16.99
VTRS,2011-10-03,16.84,17.07,16.17,16.19
VTRS,2011-10-04,15.92,16.18,15.49,16.16
VTRS,2011-10-05,16.2,16.92,16.02,16.84
VTRS,2011-10-06,16.84,17.6,16.16,17.54
VTRS,2011-10-07,17.64,17.73,17.3,17.32
VTRS,2011-10-10,17.75,17.96,17.45,17.88
VTRS,2011-10-11,17.83,18.13,17.6,17.91
VTRS,2011-10-12,18.1,18.24,17.89,18.04
VTRS,2011-10-13,17.94,18.01,17.65,17.87
VTRS,2011-10-14,18.03,18.03,17.35,17.67
VTRS,2011-10-17,17.64,17.9,17.28,17.34
VTRS,2011-10-18,17.34,17.68,17.1,17.55
VTRS,2011-10-19,17.59,17.73,17.29,17.33
VTRS,2011-10-20,17.39,17.68,17.02,17.38
VTRS,2011-10-21,17.59,18.05,17.49,18.04
VTRS,2011-10-24,18.03,18.63,17.88,18.53
VTRS,2011-10-25,18.53,18.78,18.1,18.21
VTRS,2011-10-26,18.97,19.87,18.34,19.56
VTRS,2011-10-27,20.15,20.52,19.97,20.35
VTRS,2011-10-28,20.25,20.39,20.01,20.28
VTRS,2011-10-31,20.13,20.13,19.57,19.57
VTRS,2011-11-01,19.06,19.33,18.55,18.58
VTRS,2011-11-02,18.78,19.12,18.47,18.7
VTRS,2011-11-03,18.82,18.98,18.51,18.89
VTRS,2011-11-04,18.71,18.84,18.35,18.51
VTRS,2011-11-07,18.51,18.69,18.15,18.68
VTRS,2011-11-08,18.8,19.11,18.54,18.99
VTRS,2011-11-09,18.56,19.28,17.95,18.1
VTRS,2011-11-10,18.31,18.44,17.96,18.35
VTRS,2011-11-11,18.55,18.81,18.46,18.73
VTRS,2011-11-14,18.65,18.7,18.33,18.46
VTRS,2011-11-15,18.45,18.78,18.26,18.7
VTRS,2011-11-16,18.45,18.64,18.14,18.17
VTRS,2011-11-17,18.1,18.22,17.64,17.9
VTRS,2011-11-18,17.93,18.15,17.82,17.86
VTRS,2011-11-21,17.71,17.84,17.49,17.66
VTRS,2011-11-22,17.64,18.06,17.22,17.89
VTRS,2011-11-23,17.81,18.1,17.57,17.62
VTRS,2011-11-25,17.59,17.66,17.4,17.41
VTRS,2011-11-28,17.76,18.27,17.69,18.27
VTRS,2011-11-29,18.27,18.68,18.08,18.49
VTRS,2011-11-30,19.04,19.53,19.0,19.53
VTRS,2011-12-01,19.71,19.86,19.57,19.69
VTRS,2011-12-02,19.86,19.94,19.41,19.5
VTRS,2011-12-05,19.84,20.35,19.78,19.99
VTRS,2011-12-06,20.03,20.14,19.73,19.81
VTRS,2011-12-07,19.68,20.13,19.44,20.03
VTRS,2011-12-08,19.81,19.89,19.31,19.37
VTRS,2011-12-09,19.46,20.05,19.38,20.0
VTRS,2011-12-12,19.74,20.65,19.71,20.1
VTRS,2011-12-13,20.25,20.56,19.88,20.04
VTRS,2011-12-14,19.97,20.16,19.92,19.95
VTRS,2011-12-15,20.14,20.37,20.12,20.24
VTRS,2011-12-16,20.37,21.07,20.15,20.88
VTRS,2011-12-19,20.92,21.03,20.51,20.62
VTRS,2011-12-20,20.96,21.49,20.83,21.46
VTRS,2011-12-21,21.4,21.48,20.97,21.25
VTRS,2011-12-22,21.34,21.66,21.14,21.57
VTRS,2011-12-23,21.67,21.84,21.49,21.83
VTRS,2011-12-27,21.83,21.84,21.45,21.49
VTRS,2011-12-28,21.57,21.77,21.37,21.49
VTRS,2011-12-29,21.64,21.84,21.52,21.81
VTRS,2011-12-30,21.7,21.78,21.45,21.46
VTRS,2012-01-03,21.96,22.33,21.91,22.15
VTRS,2012-01-04,22.11,22.12,21.64,21.74
VTRS,2012-01-05,21.53,21.67,21.33,21.49
VTRS,2012-01-06,21.58,21.73,21.38,21.47
VTRS,2012-01-09,21.58,21.75,21.34,21.71
VTRS,2012-01-10,21.97,22.21,21.79,22.19
VTRS,2012-01-11,22.19,22.35,22.01,22.31
VTRS,2012-01-12,22.28,22.35,21.83,22.28
VTRS,2012-01-13,22.09,22.25,21.64,21.71
VTRS,2012-01-17,21.73,22.05,21.48,21.57
VTRS,2012-01-18,21.52,21.91,21.38,21.84
VTRS,2012-01-19,21.79,22.04,21.73,21.87
VTRS,2012-01-20,21.87,21.87,21.44,21.56
VTRS,2012-01-23,21.6,21.93,21.5,21.52
VTRS,2012-01-24,21.41,21.49,20.72,20.84
VTRS,2012-01-25,20.37,21.43,20.37,21.21
VTRS,2012-01-26,21.33,21.5,21.01,21.2
VTRS,2012-01-27,21.2,21.38,20.87,21.04
VTRS,2012-01-30,20.83,21.04,20.69,20.98
VTRS,2012-01-31,21.03,21.21,20.62,20.75
VTRS,2012-02-01,20.96,22.34,20.94,21.97
VTRS,2012-02-02,21.98,22.04,21.62,21.76
VTRS,2012-02-03,22.07,22.47,22.02,22.44
VTRS,2012-02-06,22.32,22.43,22.2,22.33
VTRS,2012-02-07,22.34,22.56,22.12,22.53
VTRS,2012-02-08,22.53,22.91,22.44,22.89
VTRS,2012-02-09,22.88,23.07,22.67,22.96
VTRS,2012-02-10,22.78,22.89,22.55,22.8
VTRS,2012-02-13,22.88,23.05,22.8,22.96
VTRS,2012-02-14,23.46,23.82,23.11,23.24
VTRS,2012-02-15,23.36,23.6,23.03,23.16
VTRS,2012-02-16,23.21,23.66,23.14,23.6
VTRS,2012-02-17,23.49,23.66,23.31,23.42
VTRS,2012-02-21,23.82,23.88,22.53,22.7
VTRS,2012-02-22,22.72,23.85,22.72,23.44
VTRS,2012-02-23,23.36,23.78,23.27,23.69
VTRS,2012-02-24,23.71,23.86,23.38,23.48
VTRS,2012-02-27,23.24,23.36,22.92,23.19
VTRS,2012-02-28,23.27,23.32,22.88,23.19
VTRS,2012-02-29,23.13,23.6,23.05,23.44
VTRS,2012-03-01,23.4,23.72,23.24,23.64
VTRS,2012-03-02,23.66,23.68,23.07,23.16
VTRS,2012-03-05,23.15,23.21,22.59,22.65
VTRS,2012-03-06,22.41,22.57,22.02,22.21
VTRS,2012-03-07,22.28,22.49,22.17,22.37
VTRS,2012-03-08,22.5,22.77,22.46,22.58
VTRS,2012-03-09,22.65,23.02,22.53,22.97
VTRS,2012-03-12,22.91,23.0,22.67,22.79
VTRS,2012-03-13,22.91,23.15,22.86,23.13
VTRS,2012-03-14,23.05,23.2,22.59,22.66
VTRS,2012-03-15,22.91,23.13,22.79,22.97
VTRS,2012-03-16,22.88,23.08,22.69,22.89
VTRS,2012-03-19,22.78,22.93,22.55,22.87
VTRS,2012-03-20,22.82,22.98,22.69,22.74
VTRS,2012-03-21,22.67,23.09,22.65,23.06
VTRS,2012-03-22,22.94,23.16,22.82,23.07
VTRS,2012-03-23,23.07,23.1,22.82,22.98
VTRS,2012-03-26,23.1,23.34,23.05,23.32
VTRS,2012-03-27,23.38,23.45,23.21,23.35
VTRS,2012-03-28,23.35,23.35,22.91,23.15
VTRS,2012-03-29,23.0,23.25,22.93,23.2
VTRS,2012-03-30,23.35,23.49,23.23,23.45
VTRS,2012-04-02,23.42,23.63,23.36,23.51
VTRS,2012-04-03,23.4,23.55,23.33,23.54
VTRS,2012-04-04,23.41,23.41,23.03,23.16
VTRS,2012-04-05,23.14,23.18,22.39,22.59
VTRS,2012-04-09,22.2,22.29,21.92,21.98
VTRS,2012-04-10,21.91,22.02,21.41,21.53
VTRS,2012-04-11,21.67,22.09,21.64,21.9
VTRS,2012-04-12,22.0,22.55,21.93,22.39
VTRS,2012-04-13,22.34,22.4,22.0,22.07
VTRS,2012-04-16,22.11,22.23,21.98,22.1
VTRS,2012-04-17,22.23,22.8,22.2,22.67
VTRS,2012-04-18,22.6,22.66,22.36,22.51
VTRS,2012-04-19,22.43,22.45,21.73,22.09
VTRS,2012-04-20,22.17,22.2,21.72,21.84
VTRS,2012-04-23,21.7,21.7,21.4,21.56
VTRS,2012-04-24,21.59,22.0,21.51,21.94
VTRS,2012-04-25,21.95,22.33,21.9,22.2
VTRS,2012-04-26,22.6,22.79,21.85,22.13
VTRS,2012-04-27,22.11,22.27,21.98,22.08
VTRS,2012-04-30,22.09,22.19,21.55,21.69
VTRS,2012-05-01,21.62,21.92,21.56,21.71
VTRS,2012-05-02,21.68,21.7,21.22,21.42
VTRS,2012-05-03,21.44,21.51,21.18,21.23
VTRS,2012-05-04,21.13,21.2,20.94,21.0
VTRS,2012-05-07,20.92,21.2,20.9,21.05
VTRS,2012-05-08,20.94,21.06,20.58,21.0
VTRS,2012-05-09,20.82,20.87,20.21,20.64
VTRS,2012-05-10,21.27,21.45,21.01,21.08
VTRS,2012-05-11,21.12,21.78,21.06,21.52
VTRS,2012-05-14,21.31,21.55,21.17,21.42
VTRS,2012-05-15,21.41,21.51,21.12,21.22
VTRS,2012-05-16,21.22,21.77,21.15,21.28
VTRS,2012-05-17,21.25,21.64,21.16,21.16
VTRS,2012-05-18,21.23,21.35,20.74,20.81
VTRS,2012-05-21,20.83,21.38,20.73,21.21
VTRS,2012-05-22,21.26,21.56,21.15,21.27
VTRS,2012-05-23,21.12,21.22,20.51,20.89
VTRS,2012-05-24,20.93,21.32,20.9,21.28
VTRS,2012-05-25,21.25,21.69,21.21,21.63
VTRS,2012-05-29,21.74,22.25,21.7,21.89
VTRS,2012-05-30,21.75,21.8,21.37,21.53
VTRS,2012-05-31,21.52,21.91,21.32,21.67
VTRS,2012-06-01,21.49,21.5,20.98,20.98
VTRS,2012-06-04,21.01,21.32,20.52,20.9
VTRS,2012-06-05,20.84,21.04,20.69,20.99
VTRS,2012-06-06,21.08,21.41,20.95,21.37
VTRS,2012-06-07,21.51,21.66,21.34,21.39
VTRS,2012-06-08,21.49,21.59,21.31,21.55
VTRS,2012-06-11,21.69,21.74,21.08,21.11
VTRS,2012-06-12,21.12,21.23,20.81,21.01
VTRS,2012-06-13,21.02,21.11,20.72,20.86
VTRS,2012-06-14,20.89,21.11,20.85,21.03
VTRS,2012-06-15,21.09,21.27,20.96,21.2
VTRS,2012-06-18,21.15,21.18,20.91,21.07
VTRS,2012-06-19,21.16,21.4,21.07,21.34
VTRS,2012-06-20,21.37,21.7,21.32,21.53
VTRS,2012-06-21,21.55,21.66,21.06,21.12
VTRS,2012-06-22,21.15,21.34,21.04,21.23
VTRS,2012-06-25,21.0,21.05,20.68,20.8
VTRS,2012-06-26,20.78,20.85,20.56,20.67
VTRS,2012-06-27,20.71,21.08,20.69,20.95
VTRS,2012-06-28,20.82,20.86,20.5,20.82
VTRS,2012-06-29,21.11,21.41,21.1,21.37
VTRS,2012-07-02,21.44,21.9,21.38,21.74
VTRS,2012-07-03,21.78,22.26,21.75,22.07
VTRS,2012-07-05,21.91,22.07,21.59,21.77
VTRS,2012-07-06,21.69,21.91,21.38,21.59
VTRS,2012-07-09,21.6,21.91,21.49,21.82
VTRS,2012-07-10,21.89,21.99,21.5,21.59
VTRS,2012-07-11,21.56,21.78,21.45,21.65
VTRS,2012-07-12,21.54,21.71,21.2,21.58
VTRS,2012-07-13,21.58,22.22,21.55,22.06
VTRS,2012-07-16,22.14,22.25,22.05,22.09
VTRS,2012-07-17,22.18,22.67,22.05,22.5
VTRS,2012-07-18,22.46,22.72,22.4,22.55
VTRS,2012-07-19,22.5,22.66,22.33,22.61
VTRS,2012-07-20,22.5,22.52,22.25,22.3
VTRS,2012-07-23,22.05,22.07,21.61,22.0
VTRS,2012-07-24,21.92,21.95,21.31,21.54
VTRS,2012-07-25,21.64,21.83,21.46,21.69
VTRS,2012-07-26,22.45,23.0,22.16,22.75
VTRS,2012-07-27,22.97,23.4,22.93,23.27
VTRS,2012-07-30,23.2,23.42,23.15,23.34
VTRS,2012-07-31,23.34,23.43,23.0,23.03
VTRS,2012-08-01,23.11,23.31,22.88,22.95
VTRS,2012-08-02,22.81,22.97,22.5,22.74
VTRS,2012-08-03,23.05,23.28,23.0,23.13
VTRS,2012-08-06,23.17,23.36,23.08,23.25
VTRS,2012-08-07,23.3,23.35,23.2,23.25
VTRS,2012-08-08,23.24,23.3,23.08,23.18
VTRS,2012-08-09,23.13,23.36,23.04,23.3
VTRS,2012-08-10,23.34,23.48,23.1,23.46
VTRS,2012-08-13,23.4,23.5,23.29,23.49
VTRS,2012-08-14,23.5,23.5,23.32,23.4
VTRS,2012-08-15,23.37,23.73,23.35,23.62
VTRS,2012-08-16,23.68,23.96,23.55,23.74
VTRS,2012-08-17,23.79,23.8,23.46,23.63
VTRS,2012-08-20,23.56,23.91,23.54,23.88
VTRS,2012-08-21,23.98,23.99,23.75,23.83
VTRS,2012-08-22,23.75,23.89,23.66,23.76
VTRS,2012-08-23,23.67,23.75,23.3,23.56
VTRS,2012-08-24,23.57,23.87,23.51,23.79
VTRS,2012-08-27,23.79,23.82,23.55,23.59
VTRS,2012-08-28,23.6,23.6,23.36,23.43
VTRS,2012-08-29,23.4,23.71,23.34,23.61
VTRS,2012-08-30,23.49,23.57,23.24,23.48
VTRS,2012-08-31,23.65,23.83,23.48,23.57
VTRS,2012-09-04,23.57,23.75,23.28,23.64
VTRS,2012-09-05,23.6,23.84,23.5,23.79
VTRS,2012-09-06,23.9,24.24,23.87,24.07
VTRS,2012-09-07,24.09,24.2,24.02,24.06
VTRS,2012-09-10,24.06,24.17,23.95,23.95
VTRS,2012-09-11,23.94,24.14,23.91,24.01
VTRS,2012-09-12,24.0,24.23,23.85,23.96
VTRS,2012-09-13,23.91,24.4,23.91,24.26
VTRS,2012-09-14,24.39,24.48,24.16,24.3
VTRS,2012-09-17,24.3,24.35,24.0,24.2
VTRS,2012-09-18,24.21,24.38,24.1,24.35
VTRS,2012-09-19,24.39,24.51,24.25,24.41
VTRS,2012-09-20,24.31,24.64,24.21,24.49
VTRS,2012-09-21,24.46,24.67,24.3,24.55
VTRS,2012-09-24,24.49,24.55,24.12,24.2
VTRS,2012-09-25,24.29,24.5,24.16,24.22
VTRS,2012-09-26,24.25,24.43,23.93,24.05
VTRS,2012-09-27,24.14,24.52,23.92,24.5
VTRS,2012-09-28,24.49,24.49,24.14,24.37
VTRS,2012-10-01,24.5,24.82,24.23,24.33
VTRS,2012-10-02,24.4,24.52,24.26,24.35
VTRS,2012-10-03,24.39,24.63,24.35,24.53
VTRS,2012-10-04,24.53,24.71,24.42,24.67
VTRS,2012-10-05,24.78,24.88,24.56,24.63
VTRS,2012-10-08,24.62,24.65,24.39,24.55
VTRS,2012-10-09,24.5,24.52,24.05,24.07
VTRS,2012-10-10,24.15,24.19,23.8,23.94
VTRS,2012-10-11,24.14,24.15,23.96,23.96
VTRS,2012-10-12,23.99,24.05,23.65,23.78
VTRS,2012-10-15,23.82,24.01,23.81,23.96
VTRS,2012-10-16,24.05,24.1,23.95,24.04
VTRS,2012-10-17,24.1,24.49,24.05,24.28
VTRS,2012-10-18,24.25,24.3,24.05,24.13
VTRS,2012-10-19,24.15,24.29,23.53,23.65
VTRS,2012-10-22,23.59,23.74,23.55,23.68
VTRS,2012-10-23,23.5,23.5,23.25,23.44
VTRS,2012-10-24,23.48,23.98,23.45,23.94
VTRS,2012-10-25,24.43,25.02,24.25,25.0
VTRS,2012-10-26,25.2,25.51,24.88,25.22
VTRS,2012-10-31,25.2,25.4,24.95,25.34
VTRS,2012-11-01,25.3,26.0,25.3,25.89
VTRS,2012-11-02,25.93,26.0,25.66,25.68
VTRS,2012-11-05,25.63,25.97,25.44,25.84
VTRS,2012-11-06,25.88,26.2,25.63,26.02
VTRS,2012-11-07,25.8,25.99,25.36,25.82
VTRS,2012-11-08,25.8,26.02,25.63,25.65
VTRS,2012-11-09,25.68,26.24,25.55,25.87
VTRS,2012-11-12,25.95,26.55,25.85,26.04
VTRS,2012-11-13,26.04,26.28,25.95,26.15
VTRS,2012-11-14,26.1,26.15,25.42,25.6
VTRS,2012-11-15,25.54,25.8,25.4,25.5
VTRS,2012-11-16,25.7,25.92,25.46,25.54
VTRS,2012-11-19,25.73,26.12,25.7,25.94
VTRS,2012-11-20,25.97,26.15,25.89,26.03
VTRS,2012-11-21,26.19,26.58,26.19,26.49
VTRS,2012-11-23,26.63,27.31,26.57,27.11
VTRS,2012-11-26,27.0,27.07,26.63,26.99
VTRS,2012-11-27,26.95,27.4,26.92,27.2
VTRS,2012-11-28,27.09,27.2,26.75,27.19
VTRS,2012-11-29,27.29,27.45,27.16,27.29
VTRS,2012-11-30,27.34,27.5,27.15,27.18
VTRS,2012-12-03,27.26,27.46,27.12,27.36
VTRS,2012-12-04,27.3,27.49,27.23,27.39
VTRS,2012-12-05,27.4,27.54,27.13,27.27
VTRS,2012-12-06,27.3,27.35,27.09,27.31
VTRS,2012-12-07,27.38,27.38,26.92,27.26
VTRS,2012-12-10,27.22,28.1,27.15,28.02
VTRS,2012-12-11,28.04,28.07,27.56,27.85
VTRS,2012-12-12,27.88,28.03,27.69,27.84
VTRS,2012-12-13,27.59,28.13,27.58,27.97
VTRS,2012-12-14,27.94,28.08,27.78,27.97
VTRS,2012-12-17,28.03,28.22,27.94,28.19
VTRS,2012-12-18,28.19,28.5,28.05,28.3
VTRS,2012-12-19,28.34,28.35,27.5,27.74
VTRS,2012-12-20,27.77,27.9,27.68,27.77
VTRS,2012-12-21,27.58,27.91,27.49,27.81
VTRS,2012-12-24,27.76,28.02,27.67,27.95
VTRS,2012-12-26,28.07,28.08,27.36,27.45
VTRS,2012-12-27,27.48,27.62,26.95,27.35
VTRS,2012-12-28,27.17,27.4,26.91,26.92
VTRS,2012-12-31,26.99,27.49,26.93,27.45
VTRS,2013-01-02,27.84,28.05,27.4,27.7
VTRS,2013-01-03,27.62,27.75,27.52,27.62
VTRS,2013-01-04,27.65,28.24,27.65,28.2
VTRS,2013-01-07,28.05,28.14,27.76,27.91
VTRS,2013-01-08,27.6,27.78,27.38,27.78
VTRS,2013-01-09,27.83,28.22,27.77,28.03
VTRS,2013-01-10,28.28,28.6,28.22,28.25
VTRS,2013-01-11,28.32,28.51,27.77,27.84
VTRS,2013-01-14,27.78,27.87,27.54,27.54
VTRS,2013-01-15,27.5,28.05,27.5,27.98
VTRS,2013-01-16,27.99,28.22,27.93,28.07
VTRS,2013-01-17,28.12,28.19,27.89,28.04
VTRS,2013-01-18,28.0,28.07,27.75,28.0
VTRS,2013-01-22,27.97,28.0,27.74,27.89
VTRS,2013-01-23,27.85,28.36,27.66,28.15
VTRS,2013-01-24,28.13,28.6,28.12,28.33
VTRS,2013-01-25,28.39,28.6,28.32,28.46
VTRS,2013-01-28,28.5,28.5,28.19,28.25
VTRS,2013-01-29,28.25,28.39,28.11,28.29
VTRS,2013-01-30,28.26,28.42,28.12,28.2
VTRS,2013-01-31,28.15,28.4,28.06,28.27
VTRS,2013-02-01,28.44,29.05,28.35,28.89
VTRS,2013-02-04,28.81,29.01,28.64,28.64
VTRS,2013-02-05,28.79,29.04,28.71,28.96
VTRS,2013-02-06,28.83,28.89,28.61,28.81
VTRS,2013-02-07,28.77,28.87,28.58,28.8
VTRS,2013-02-08,28.89,29.05,28.77,28.86
VTRS,2013-02-11,28.78,28.92,28.72,28.85
VTRS,2013-02-12,28.81,28.95,28.72,28.8
VTRS,2013-02-13,28.91,28.96,28.75,28.86
VTRS,2013-02-14,28.72,29.21,28.63,29.16
VTRS,2013-02-15,29.09,29.28,28.95,29.22
VTRS,2013-02-19,29.18,29.3,28.97,29.11
VTRS,2013-02-20,29.09,29.15,28.7,28.71
VTRS,2013-02-21,28.69,28.92,28.34,28.81
VTRS,2013-02-22,28.83,29.01,28.71,28.98
VTRS,2013-02-25,29.12,29.27,28.51,28.52
VTRS,2013-02-26,28.56,28.61,27.95,28.33
VTRS,2013-02-27,28.23,28.68,28.18,28.57
VTRS,2013-02-28,29.34,30.47,29.34,29.61
VTRS,2013-03-01,29.63,30.41,29.44,30.1
VTRS,2013-03-04,30.06,30.77,29.76,30.73
VTRS,2013-03-05,30.87,30.97,30.5,30.69
VTRS,2013-03-06,30.71,30.92,30.46,30.9
VTRS,2013-03-07,31.0,31.0,30.68,30.79
VTRS,2013-03-08,30.85,30.96,30.69,30.73
VTRS,2013-03-11,30.6,30.83,29.97,30.77
VTRS,2013-03-12,30.73,31.02,30.58,30.95
VTRS,2013-03-13,30.95,31.22,30.61,30.98
VTRS,2013-03-14,31.01,31.13,30.53,31.01
VTRS,2013-03-15,30.97,31.01,30.42,30.47
VTRS,2013-03-18,30.15,30.74,29.95,30.68
VTRS,2013-03-19,30.79,30.84,30.43,30.77
VTRS,2013-03-20,30.86,31.02,30.61,30.77
VTRS,2013-03-21,30.58,30.68,30.12,30.19
VTRS,2013-03-22,30.34,30.41,29.64,29.82
VTRS,2013-03-25,29.39,29.57,29.22,29.27
VTRS,2013-03-26,29.4,29.51,28.9,29.02
VTRS,2013-03-27,28.79,28.92,28.64,28.74
VTRS,2013-03-28,28.79,28.99,28.65,28.96
VTRS,2013-04-01,28.95,28.99,28.5,28.7
VTRS,2013-04-02,28.73,28.81,28.12,28.6
VTRS,2013-04-03,28.55,28.64,27.86,28.51
VTRS,2013-04-04,28.54,28.75,28.38,28.64
VTRS,2013-04-05,28.36,28.66,28.2,28.63
VTRS,2013-04-08,28.64,28.65,28.35,28.37
VTRS,2013-04-09,28.51,28.75,28.4,28.61
VTRS,2013-04-10,28.7,28.85,28.44,28.55
VTRS,2013-04-11,28.65,29.15,28.53,28.95
VTRS,2013-04-12,28.96,28.99,28.6,28.68
VTRS,2013-04-15,28.64,28.73,28.04,28.1
VTRS,2013-04-16,28.18,28.32,28.05,28.3
VTRS,2013-04-17,28.1,28.21,27.81,28.02
VTRS,2013-04-18,28.03,28.09,27.66,27.96
VTRS,2013-04-19,27.93,28.41,27.92,28.34
VTRS,2013-04-22,28.5,28.5,28.16,28.33
VTRS,2013-04-23,28.49,28.75,28.39,28.62
VTRS,2013-04-24,28.7,28.81,28.55,28.69
VTRS,2013-04-25,28.82,29.31,28.73,29.28
VTRS,2013-04-26,29.3,29.5,29.17,29.31
VTRS,2013-04-29,29.3,29.51,28.99,29.01
VTRS,2013-04-30,28.89,29.13,28.73,29.11
VTRS,2013-05-01,29.08,29.14,28.68,28.7
VTRS,2013-05-02,28.75,28.93,28.48,28.83
VTRS,2013-05-03,29.03,29.17,28.8,28.9
VTRS,2013-05-06,29.0,29.49,28.67,29.45
VTRS,2013-05-07,29.57,29.9,29.53,29.69
VTRS,2013-05-08,29.67,29.93,29.3,29.33
VTRS,2013-05-09,29.21,29.41,28.87,29.27
VTRS,2013-05-10,29.12,29.66,28.99,29.65
VTRS,2013-05-13,29.56,29.63,29.05,29.2
VTRS,2013-05-14,29.3,31.0,29.02,30.1
VTRS,2013-05-15,27.77,30.53,27.77,30.5
VTRS,2013-05-16,30.8,31.47,30.34,30.7
VTRS,2013-05-17,30.9,31.47,30.84,31.4
VTRS,2013-05-20,31.35,31.89,31.14,31.28
VTRS,2013-05-21,31.23,31.38,30.95,31.23
VTRS,2013-05-22,31.25,32.09,31.15,31.55
VTRS,2013-05-23,31.27,32.0,31.17,31.75
VTRS,2013-05-24,31.69,31.69,31.04,31.18
VTRS,2013-05-28,31.58,32.27,31.44,31.63
VTRS,2013-05-29,31.63,31.67,30.95,31.11
VTRS,2013-05-30,31.07,31.33,30.9,30.97
VTRS,2013-05-31,30.84,31.01,30.48,30.48
VTRS,2013-06-03,30.46,30.85,30.11,30.4
VTRS,2013-06-04,30.31,30.4,29.5,29.87
VTRS,2013-06-05,29.9,30.45,29.73,29.89
VTRS,2013-06-06,29.9,30.42,29.7,30.41
VTRS,2013-06-07,30.52,30.96,30.15,30.58
VTRS,2013-06-10,30.65,30.9,30.43,30.71
VTRS,2013-06-11,30.51,31.12,30.3,30.77
VTRS,2013-06-12,30.92,31.36,30.73,30.82
VTRS,2013-06-13,30.81,31.42,30.44,31.34
VTRS,2013-06-14,31.45,32.0,31.3,31.68
VTRS,2013-06-17,31.83,32.0,31.21,31.54
VTRS,2013-06-18,31.62,31.96,31.41,31.87
VTRS,2013-06-19,31.89,31.92,31.14,31.27
VTRS,2013-06-20,31.04,31.06,30.18,30.35
VTRS,2013-06-21,30.49,30.81,29.9,30.63
VTRS,2013-06-24,30.33,30.51,29.93,30.25
VTRS,2013-06-25,30.55,30.72,30.1,30.4
VTRS,2013-06-26,30.45,30.81,30.34,30.48
VTRS,2013-06-27,30.72,30.98,30.6,30.9
VTRS,2013-06-28,30.85,31.47,30.73,31.03
VTRS,2013-07-01,30.95,31.39,30.85,30.86
VTRS,2013-07-02,30.83,30.89,30.28,30.37
VTRS,2013-07-03,30.18,30.57,30.01,30.47
VTRS,2013-07-05,30.73,30.96,30.57,30.84
VTRS,2013-07-08,31.02,31.12,30.59,30.9
VTRS,2013-07-09,31.13,31.5,30.91,31.19
VTRS,2013-07-10,31.23,31.49,30.98,31.28
VTRS,2013-07-11,31.57,31.75,31.42,31.44
VTRS,2013-07-12,31.55,32.1,31.51,32.09
VTRS,2013-07-15,32.1,32.24,31.64,32.13
VTRS,2013-07-16,32.23,32.28,31.92,32.11
VTRS,2013-07-17,32.1,32.24,31.76,31.98
VTRS,2013-07-18,32.01,32.62,32.0,32.3
VTRS,2013-07-19,32.42,32.7,32.0,32.67
VTRS,2013-07-22,33.0,33.07,32.53,32.65
VTRS,2013-07-23,32.72,32.75,32.15,32.32
VTRS,2013-07-24,32.32,32.61,32.16,32.38
VTRS,2013-07-25,32.19,32.65,32.0,32.59
VTRS,2013-07-26,32.58,33.5,32.4,33.43
VTRS,2013-07-29,33.33,33.62,33.05,33.1
VTRS,2013-07-30,33.27,33.48,33.03,33.41
VTRS,2013-07-31,33.37,33.74,33.2,33.56
VTRS,2013-08-01,33.73,34.62,33.53,33.98
VTRS,2013-08-02,35.41,36.77,35.33,36.4
VTRS,2013-08-05,36.61,36.99,36.34,36.88
VTRS,2013-08-06,36.93,37.1,36.53,36.82
VTRS,2013-08-07,36.8,37.47,36.71,37.08
VTRS,2013-08-08,37.1,37.32,36.77,37.05
VTRS,2013-08-09,36.86,37.39,36.84,37.19
VTRS,2013-08-12,36.99,37.3,36.78,37.19
VTRS,2013-08-13,37.13,37.35,36.98,37.15
VTRS,2013-08-14,37.21,37.25,36.61,36.82
VTRS,2013-08-15,36.59,36.79,36.07,36.2
VTRS,2013-08-16,36.1,36.6,36.09,36.19
VTRS,2013-08-19,36.88,36.88,35.88,35.99
VTRS,2013-08-20,35.99,36.07,35.67,35.73
VTRS,2013-08-21,35.62,35.81,35.19,35.44
VTRS,2013-08-22,35.42,35.85,35.41,35.58
VTRS,2013-08-23,35.71,35.88,35.52,35.79
VTRS,2013-08-26,35.7,35.99,35.52,35.52
VTRS,2013-08-27,35.26,35.31,34.46,34.76
VTRS,2013-08-28,34.84,35.23,34.59,35.06
VTRS,2013-08-29,34.83,35.54,34.82,35.34
VTRS,2013-08-30,35.37,35.45,35.05,35.34
VTRS,2013-09-03,35.75,35.88,35.45,35.71
VTRS,2013-09-04,35.65,36.08,35.51,35.93
VTRS,2013-09-05,35.95,36.07,35.65,35.88
VTRS,2013-09-06,35.89,35.99,34.86,35.29
VTRS,2013-09-09,35.46,36.56,35.1,36.49
VTRS,2013-09-10,37.53,38.56,37.39,38.24
VTRS,2013-09-11,38.24,38.5,37.83,38.05
VTRS,2013-09-12,38.21,38.88,38.09,38.72
VTRS,2013-09-13,38.8,38.98,38.64,38.92
VTRS,2013-09-16,39.35,39.41,38.77,38.95
VTRS,2013-09-17,39.36,39.36,38.49,38.5
VTRS,2013-09-18,38.44,38.81,38.06,38.6
VTRS,2013-09-19,38.59,38.91,38.26,38.33
VTRS,2013-09-20,38.42,39.03,38.42,38.66
VTRS,2013-09-23,38.5,38.54,37.83,38.07
VTRS,2013-09-24,38.15,38.38,37.87,38.13
VTRS,2013-09-25,38.01,38.3,37.71,38.14
VTRS,2013-09-26,38.21,38.42,38.03,38.37
VTRS,2013-09-27,38.24,38.59,37.95,38.32
VTRS,2013-09-30,38.0,38.51,37.95,38.17
VTRS,2013-10-01,38.13,39.45,37.93,39.45
VTRS,2013-10-02,39.17,39.6,39.07,39.49
VTRS,2013-10-03,39.35,40.22,39.12,39.99
VTRS,2013-10-04,40.01,40.55,40.0,40.25
VTRS,2013-10-07,39.87,40.35,39.77,40.06
VTRS,2013-10-08,40.06,40.2,38.83,38.87
VTRS,2013-10-09,39.2,39.2,38.43,38.92
VTRS,2013-10-10,39.38,39.78,39.21,39.74
VTRS,2013-10-11,39.83,40.33,39.73,39.91
VTRS,2013-10-14,39.23,39.5,38.95,39.48
VTRS,2013-10-15,39.54,39.67,39.03,39.19
VTRS,2013-10-16,39.3,40.0,39.26,39.69
VTRS,2013-10-17,39.66,39.92,39.38,39.71
VTRS,2013-10-18,39.86,39.86,37.27,38.55
VTRS,2013-10-21,38.49,38.7,38.19,38.56
VTRS,2013-10-22,38.65,39.21,38.61,38.99
VTRS,2013-10-23,38.7,38.86,38.17,38.63
VTRS,2013-10-24,38.76,39.01,38.34,38.49
VTRS,2013-10-25,38.52,38.52,37.87,38.43
VTRS,2013-10-28,38.43,38.48,38.1,38.24
VTRS,2013-10-29,38.25,38.74,38.25,38.65
VTRS,2013-10-30,38.99,39.0,37.89,38.41
VTRS,2013-10-31,37.81,38.22,36.97,37.87
VTRS,2013-11-01,38.12,38.22,37.43,38.01
VTRS,2013-11-04,38.25,39.46,38.15,39.38
VTRS,2013-11-05,39.17,39.99,39.02,39.88
VTRS,2013-11-06,39.88,39.93,39.18,39.51
VTRS,2013-11-07,39.76,39.77,38.74,38.99
VTRS,2013-11-08,38.73,40.54,38.73,40.41
VTRS,2013-11-11,40.41,41.17,40.03,41.06
VTRS,2013-11-12,41.13,41.51,40.71,41.42
VTRS,2013-11-13,40.46,41.7,40.36,41.62
VTRS,2013-11-14,41.91,42.18,41.59,41.98
VTRS,2013-11-15,41.94,42.45,41.8,42.36
VTRS,2013-11-18,42.31,42.44,41.51,41.81
VTRS,2013-11-19,41.87,42.2,41.58,41.9
VTRS,2013-11-20,41.77,42.45,41.77,42.32
VTRS,2013-11-21,42.35,42.65,42.14,42.38
VTRS,2013-11-22,42.58,42.68,42.37,42.67
VTRS,2013-11-25,42.75,44.37,42.63,44.22
VTRS,2013-11-26,44.22,44.73,43.91,44.5
VTRS,2013-11-27,44.5,44.71,43.76,44.14
VTRS,2013-11-29,44.05,44.33,44.01,44.13
VTRS,2013-12-02,44.3,44.68,44.13,44.35
VTRS,2013-12-03,44.12,44.33,43.16,43.22
VTRS,2013-12-04,42.97,43.33,42.55,42.97
VTRS,2013-12-05,43.02,43.75,42.68,43.35
VTRS,2013-12-06,43.87,44.27,43.62,44.14
VTRS,2013-12-09,44.5,44.54,43.73,43.86
VTRS,2013-12-10,43.87,43.98,42.06,42.61
VTRS,2013-12-11,42.75,42.8,41.29,41.42
VTRS,2013-12-12,41.36,42.17,41.26,41.86
VTRS,2013-12-13,42.01,42.25,41.67,41.78
VTRS,2013-12-16,42.03,42.62,41.86,41.9
VTRS,2013-12-17,41.79,41.98,41.41,41.86
VTRS,2013-12-18,42.0,42.89,41.55,42.84
VTRS,2013-12-19,41.84,42.6,41.79,42.53
VTRS,2013-12-20,42.53,43.1,42.28,42.51
VTRS,2013-12-23,42.93,42.93,42.33,42.72
VTRS,2013-12-24,42.72,42.81,42.31,42.57
VTRS,2013-12-26,42.55,42.92,42.34,42.82
VTRS,2013-12-27,42.92,42.93,42.57,42.78
VTRS,2013-12-30,42.77,43.01,42.62,42.91
VTRS,2013-12-31,43.26,43.57,42.98,43.4
VTRS,2014-01-02,43.38,43.42,42.55,42.58
VTRS,2014-01-03,42.4,42.92,42.35,42.72
VTRS,2014-01-06,42.83,43.23,41.97,42.26
VTRS,2014-01-07,42.37,43.47,42.3,42.98
VTRS,2014-01-08,43.1,45.12,43.01,44.73
VTRS,2014-01-09,44.83,45.28,44.45,45.1
VTRS,2014-01-10,45.24,46.01,45.01,45.97
VTRS,2014-01-13,45.76,46.2,45.14,45.24
VTRS,2014-01-14,45.41,46.38,45.2,46.22
VTRS,2014-01-15,45.94,46.12,45.31,45.46
VTRS,2014-01-16,45.48,45.75,45.24,45.41
VTRS,2014-01-17,45.54,46.21,45.41,45.75
VTRS,2014-01-21,46.13,46.63,45.93,46.45
VTRS,2014-01-22,46.62,46.73,45.87,45.91
VTRS,2014-01-23,45.55,45.74,44.89,45.26
VTRS,2014-01-24,44.99,45.22,44.21,44.31
VTRS,2014-01-27,44.2,44.64,43.92,44.01
VTRS,2014-01-28,44.27,44.98,44.09,44.7
VTRS,2014-01-29,44.2,45.0,44.07,44.48
VTRS,2014-01-30,44.73,45.77,44.66,45.55
VTRS,2014-01-31,44.85,45.8,44.75,45.41
VTRS,2014-02-03,46.13,46.13,43.49,43.65
VTRS,2014-02-04,43.79,44.05,43.14,43.65
VTRS,2014-02-05,43.55,43.68,42.43,43.44
VTRS,2014-02-06,43.44,43.93,43.04,43.49
VTRS,2014-02-07,43.65,45.15,43.5,45.08
VTRS,2014-02-10,44.97,45.44,44.37,44.84
VTRS,2014-02-11,44.92,45.81,44.54,45.49
VTRS,2014-02-12,45.43,45.74,45.21,45.65
VTRS,2014-02-13,45.26,46.32,45.0,46.19
VTRS,2014-02-14,45.98,46.48,45.78,46.1
VTRS,2014-02-18,48.01,50.46,47.22,48.3
VTRS,2014-02-19,48.31,51.2,48.27,51.15
VTRS,2014-02-20,50.98,52.44,50.55,52.26
VTRS,2014-02-21,52.4,52.4,51.26,51.92
VTRS,2014-02-24,52.0,52.1,50.65,51.05
VTRS,2014-02-25,51.0,51.93,50.3,51.33
VTRS,2014-02-26,51.17,52.23,51.02,51.42
VTRS,2014-02-27,54.14,57.07,53.64,56.27
VTRS,2014-02-28,56.02,56.92,54.88,55.57
VTRS,2014-03-03,54.77,55.8,54.52,55.52
VTRS,2014-03-04,56.15,57.52,56.11,57.2
VTRS,2014-03-05,57.06,57.41,55.5,55.84
VTRS,2014-03-06,56.35,56.35,53.65,54.54
VTRS,2014-03-07,54.78,55.16,53.7,54.86
VTRS,2014-03-10,54.79,54.84,53.31,53.41
VTRS,2014-03-11,53.47,54.18,53.22,53.99
VTRS,2014-03-12,53.49,53.89,52.47,53.06
VTRS,2014-03-13,53.1,53.61,51.87,52.02
VTRS,2014-03-14,52.3,53.46,51.86,52.63
VTRS,2014-03-17,52.97,54.22,52.86,53.52
VTRS,2014-03-18,53.44,54.38,53.31,53.9
VTRS,2014-03-19,54.03,54.16,52.94,53.3
VTRS,2014-03-20,52.33,53.08,52.02,52.61
VTRS,2014-03-21,53.49,53.49,52.03,52.14
VTRS,2014-03-24,52.2,52.41,49.26,49.97
VTRS,2014-03-25,50.57,51.5,49.76,50.71
VTRS,2014-03-26,50.7,51.56,49.12,49.16
VTRS,2014-03-27,47.72,49.35,47.72,48.58
VTRS,2014-03-28,48.75,50.36,48.41,48.83
VTRS,2014-03-31,49.2,49.2,47.36,48.83
VTRS,2014-04-01,49.08,49.49,48.63,49.31
VTRS,2014-04-02,49.68,50.98,49.61,50.77
VTRS,2014-04-03,50.67,50.95,49.27,49.86
VTRS,2014-04-04,53.0,55.3,50.57,50.63
VTRS,2014-04-07,50.95,51.81,48.29,48.4
VTRS,2014-04-08,48.17,48.27,45.8,47.64
VTRS,2014-04-09,47.53,48.76,46.48,48.57
VTRS,2014-04-10,48.74,48.92,46.29,47.07
VTRS,2014-04-11,46.21,47.03,45.41,45.72
VTRS,2014-04-14,46.05,47.03,45.31,46.03
VTRS,2014-04-15,46.12,47.17,44.74,46.23
VTRS,2014-04-16,46.88,47.31,46.35,47.21
VTRS,2014-04-17,47.01,47.13,46.0,46.92
VTRS,2014-04-21,47.92,48.34,47.1,48.32
VTRS,2014-04-22,48.93,50.4,48.93,49.85
VTRS,2014-04-23,49.92,50.45,49.45,50.28
VTRS,2014-04-24,50.95,51.44,49.87,50.35
VTRS,2014-04-25,49.86,53.57,49.06,52.1
VTRS,2014-04-28,50.45,50.99,49.11,50.67
VTRS,2014-04-29,51.02,51.5,50.26,50.88
VTRS,2014-04-30,50.76,51.17,49.86,50.78
VTRS,2014-05-01,51.44,52.0,49.35,49.74
VTRS,2014-05-02,49.97,50.01,49.09,49.82
VTRS,2014-05-05,49.66,50.2,48.95,49.89
VTRS,2014-05-06,49.44,49.81,48.4,48.48
VTRS,2014-05-07,48.62,48.97,47.22,48.15
VTRS,2014-05-08,48.16,49.06,47.01,47.33
VTRS,2014-05-09,46.87,46.97,45.11,46.14
VTRS,2014-05-12,46.26,47.69,46.18,47.57
VTRS,2014-05-13,47.64,48.09,47.51,47.57
VTRS,2014-05-14,47.62,48.19,47.4,47.46
VTRS,2014-05-15,47.54,48.11,46.66,48.02
VTRS,2014-05-16,48.41,48.41,46.83,46.96
VTRS,2014-05-19,46.31,47.63,46.21,47.14
VTRS,2014-05-20,47.19,47.27,45.8,46.19
VTRS,2014-05-21,46.31,46.8,46.21,46.46
VTRS,2014-05-22,46.37,47.51,46.1,47.41
VTRS,2014-05-23,47.59,48.35,47.26,48.02
VTRS,2014-05-27,48.6,48.64,48.08,48.42
VTRS,2014-05-28,48.44,49.56,48.44,48.87
VTRS,2014-05-29,49.07,49.78,49.0,49.73
VTRS,2014-05-30,49.93,50.4,49.58,49.84
VTRS,2014-06-02,49.96,50.16,49.37,49.98
VTRS,2014-06-03,49.68,50.09,49.5,49.9
VTRS,2014-06-04,49.93,49.93,49.46,49.59
VTRS,2014-06-05,49.81,50.16,49.1,49.84
VTRS,2014-06-06,50.08,50.09,49.37,49.73
VTRS,2014-06-09,49.8,49.96,49.01,49.42
VTRS,2014-06-10,49.22,49.37,48.42,49.22
VTRS,2014-06-11,49.32,49.88,48.81,49.68
VTRS,2014-06-12,49.64,50.35,48.5,49.64
VTRS,2014-06-13,49.58,50.57,49.26,50.2
VTRS,2014-06-16,50.06,50.76,50.02,50.4
VTRS,2014-06-17,50.11,51.22,50.1,50.7
VTRS,2014-06-18,50.74,50.85,50.36,50.62
VTRS,2014-06-19,50.95,50.95,50.18,50.41
VTRS,2014-06-20,50.73,51.23,50.12,51.12
VTRS,2014-06-23,51.0,51.68,50.73,50.78
VTRS,2014-06-24,50.88,51.81,50.57,51.58
VTRS,2014-06-25,51.36,52.05,51.36,51.63
VTRS,2014-06-26,53.56,53.56,50.9,51.87
VTRS,2014-06-27,51.75,52.12,51.05,51.51
VTRS,2014-06-30,51.91,52.0,50.81,51.56
VTRS,2014-07-01,51.86,53.05,51.67,51.89
VTRS,2014-07-02,52.13,52.47,50.04,52.14
VTRS,2014-07-03,52.34,52.34,51.22,51.79
VTRS,2014-07-07,51.67,51.67,50.18,50.56
VTRS,2014-07-08,50.53,50.64,49.78,50.27
VTRS,2014-07-09,50.65,50.65,49.69,50.06
VTRS,2014-07-10,49.7,50.91,49.31,50.71
VTRS,2014-07-11,50.62,50.8,49.95,50.2
VTRS,2014-07-14,52.5,53.0,50.34,51.24
VTRS,2014-07-15,51.14,52.9,51.06,52.17
VTRS,2014-07-16,51.39,52.34,51.27,51.63
VTRS,2014-07-17,51.28,51.75,51.0,51.43
VTRS,2014-07-18,51.6,52.03,51.01,51.9
VTRS,2014-07-21,51.73,51.84,51.12,51.39
VTRS,2014-07-22,51.68,52.34,51.58,52.06
VTRS,2014-07-23,52.36,52.93,52.28,52.34
VTRS,2014-07-24,52.64,52.9,51.88,51.9
VTRS,2014-07-25,51.29,51.88,51.1,51.74
VTRS,2014-07-28,51.62,52.48,50.45,50.53
VTRS,2014-07-29,50.62,51.0,49.97,50.4
VTRS,2014-07-30,50.77,50.96,49.89,50.55
VTRS,2014-07-31,50.26,50.36,48.95,49.37
VTRS,2014-08-01,49.32,49.79,48.68,49.23
VTRS,2014-08-04,49.52,49.52,48.83,49.1
VTRS,2014-08-05,48.71,48.93,48.02,48.47
VTRS,2014-08-06,47.83,48.04,47.53,47.92
VTRS,2014-08-07,47.0,47.82,45.36,46.49
VTRS,2014-08-08,46.11,47.34,45.23,45.85
VTRS,2014-08-11,46.03,46.15,45.21,45.36
VTRS,2014-08-12,45.35,45.76,44.85,44.97
VTRS,2014-08-13,44.97,45.55,44.8,45.39
VTRS,2014-08-14,45.42,46.42,45.41,46.15
VTRS,2014-08-15,46.32,46.84,45.96,46.45
VTRS,2014-08-18,46.88,46.98,46.33,46.48
VTRS,2014-08-19,46.51,47.07,46.14,47.04
VTRS,2014-08-20,47.1,48.85,46.86,48.59
VTRS,2014-08-21,48.52,48.74,47.66,47.75
VTRS,2014-08-22,48.15,49.0,47.87,48.21
VTRS,2014-08-25,48.49,48.82,48.33,48.51
VTRS,2014-08-26,48.63,48.83,48.27,48.3
VTRS,2014-08-27,48.48,48.63,47.9,48.08
VTRS,2014-08-28,48.1,48.16,47.56,48.13
VTRS,2014-08-29,48.43,48.63,48.2,48.6
VTRS,2014-09-02,48.77,49.0,48.46,48.68
VTRS,2014-09-03,48.73,48.99,47.65,47.81
VTRS,2014-09-04,48.09,48.12,45.66,46.94
VTRS,2014-09-05,46.85,47.22,46.27,46.98
VTRS,2014-09-08,46.79,48.58,46.79,47.96
VTRS,2014-09-09,48.09,48.13,47.38,47.47
VTRS,2014-09-10,47.63,47.79,47.2,47.44
VTRS,2014-09-11,47.39,47.9,46.8,47.79
VTRS,2014-09-12,47.94,47.94,46.99,47.06
VTRS,2014-09-15,47.26,47.63,46.48,46.75
VTRS,2014-09-16,46.7,48.01,46.56,47.96
VTRS,2014-09-17,48.11,48.28,47.57,48.0
VTRS,2014-09-18,48.3,48.96,48.01,48.43
VTRS,2014-09-19,48.67,48.97,47.31,47.36
VTRS,2014-09-22,47.4,47.45,46.29,46.53
VTRS,2014-09-23,45.52,46.9,44.81,46.61
VTRS,2014-09-24,46.78,46.97,46.15,46.44
VTRS,2014-09-25,46.15,46.64,45.64,45.95
VTRS,2014-09-26,45.93,46.4,45.44,46.29
VTRS,2014-09-29,45.95,46.39,45.59,45.79
VTRS,2014-09-30,45.95,46.14,44.8,45.49
VTRS,2014-10-01,45.64,45.73,45.02,45.27
VTRS,2014-10-02,45.17,51.0,45.12,46.5
VTRS,2014-10-03,48.95,51.19,48.11,50.23
VTRS,2014-10-06,50.62,52.1,50.41,50.98
VTRS,2014-10-07,51.09,51.09,49.77,50.14
VTRS,2014-10-08,50.29,51.33,49.35,51.23
VTRS,2014-10-09,51.05,51.64,50.05,50.12
VTRS,2014-10-10,50.1,50.46,49.19,49.35
VTRS,2014-10-13,49.26,49.74,47.57,47.64
VTRS,2014-10-14,47.75,48.08,46.73,46.82
VTRS,2014-10-15,46.1,48.13,45.1,47.38
VTRS,2014-10-16,46.45,49.2,46.23,48.77
VTRS,2014-10-17,49.95,50.12,48.63,49.46
VTRS,2014-10-20,49.48,50.39,48.67,50.31
VTRS,2014-10-21,50.84,52.12,50.64,52.05
VTRS,2014-10-22,52.0,52.18,50.33,50.36
VTRS,2014-10-23,51.24,51.55,50.4,50.43
VTRS,2014-10-24,50.65,51.41,50.45,51.22
VTRS,2014-10-27,51.2,51.39,50.3,50.95
VTRS,2014-10-28,51.14,51.76,51.0,51.71
VTRS,2014-10-29,51.64,51.94,50.63,50.85
VTRS,2014-10-30,50.49,52.46,50.49,52.37
VTRS,2014-10-31,54.44,56.1,53.15,53.55
VTRS,2014-11-03,53.6,54.0,53.25,53.59
VTRS,2014-11-04,53.55,53.99,53.37,53.75
VTRS,2014-11-05,53.99,54.41,53.39,53.47
VTRS,2014-11-06,53.89,53.89,52.93,53.5
VTRS,2014-11-07,53.58,53.59,52.33,53.11
VTRS,2014-11-10,53.31,54.23,52.44,53.95
VTRS,2014-11-11,53.81,54.1,53.31,53.51
VTRS,2014-11-12,53.0,54.06,53.0,53.8
VTRS,2014-11-13,53.16,56.25,53.16,54.73
VTRS,2014-11-14,54.92,54.94,53.5,54.05
VTRS,2014-11-17,54.23,55.69,54.02,55.13
VTRS,2014-11-18,55.48,56.7,55.05,56.24
VTRS,2014-11-19,55.9,56.08,54.72,55.68
VTRS,2014-11-20,55.55,55.84,55.01,55.22
VTRS,2014-11-21,56.02,56.16,55.52,55.79
VTRS,2014-11-24,55.93,56.12,55.25,55.96
VTRS,2014-11-25,55.64,56.19,55.31,56.17
VTRS,2014-11-26,56.87,59.12,56.73,58.62
VTRS,2014-11-28,59.42,59.6,57.58,58.61
VTRS,2014-12-01,58.27,58.55,57.52,57.79
VTRS,2014-12-02,57.97,58.63,57.55,57.83
VTRS,2014-12-03,58.01,58.57,57.52,58.23
VTRS,2014-12-04,57.3,58.86,57.3,58.23
VTRS,2014-12-05,58.22,58.53,57.81,58.41
VTRS,2014-12-08,58.3,58.74,57.11,57.23
VTRS,2014-12-09,56.21,56.82,55.41,56.59
VTRS,2014-12-10,56.57,57.15,54.89,54.99
VTRS,2014-12-11,55.06,55.65,54.56,54.71
VTRS,2014-12-12,54.07,54.58,53.27,53.32
VTRS,2014-12-15,53.75,54.84,53.61,54.52
VTRS,2014-12-16,54.37,55.16,53.46,53.56
VTRS,2014-12-17,53.67,55.36,53.33,55.26
VTRS,2014-12-18,55.95,56.85,55.79,56.83
VTRS,2014-12-19,56.8,57.83,56.56,57.51
VTRS,2014-12-22,57.59,57.83,56.69,57.0
VTRS,2014-12-23,57.19,57.35,55.64,56.58
VTRS,2014-12-24,56.61,57.19,56.25,56.97
VTRS,2014-12-26,56.99,57.72,56.99,57.6
VTRS,2014-12-29,57.58,58.07,57.14,57.71
VTRS,2014-12-30,57.44,57.68,56.87,56.94
VTRS,2014-12-31,56.85,57.39,56.27,56.37
VTRS,2015-01-02,56.54,57.32,56.06,56.35
VTRS,2015-01-05,56.12,56.28,55.43,55.72
VTRS,2015-01-06,56.21,56.83,53.77,54.18
VTRS,2015-01-07,54.72,56.35,53.83,56.11
VTRS,2015-01-08,56.68,57.29,56.35,56.65
VTRS,2015-01-09,56.68,56.94,55.77,55.84
VTRS,2015-01-12,55.94,56.49,54.93,55.27
VTRS,2015-01-13,56.01,56.68,54.81,55.48
VTRS,2015-01-14,55.37,55.86,54.17,54.59
VTRS,2015-01-15,55.0,55.66,52.68,52.74
VTRS,2015-01-16,52.65,56.11,52.39,56.0
VTRS,2015-01-20,56.0,56.33,54.36,55.13
VTRS,2015-01-21,55.03,55.5,54.31,54.59
VTRS,2015-01-22,54.94,55.26,53.6,54.44
VTRS,2015-01-23,54.36,55.0,53.85,54.21
VTRS,2015-01-26,54.02,57.04,54.02,56.8
VTRS,2015-01-27,56.63,56.98,55.66,56.3
VTRS,2015-01-28,56.4,56.5,55.13,55.24
VTRS,2015-01-29,55.2,55.23,54.48,54.89
VTRS,2015-01-30,54.25,55.0,53.01,53.15
VTRS,2015-02-02,53.55,53.84,52.21,53.19
VTRS,2015-02-03,52.82,54.67,52.31,54.59
VTRS,2015-02-04,54.01,54.04,52.82,53.22
VTRS,2015-02-05,53.44,54.55,53.4,54.3
VTRS,2015-02-06,54.23,54.49,53.55,53.89
VTRS,2015-02-09,53.8,53.84,52.92,53.0
VTRS,2015-02-10,53.33,54.29,52.7,53.97
VTRS,2015-02-11,53.97,54.42,53.64,53.76
VTRS,2015-02-12,54.17,54.54,53.85,54.51
VTRS,2015-02-13,54.57,55.99,54.32,55.85
VTRS,2015-02-17,55.13,56.73,55.13,56.53
VTRS,2015-02-18,56.65,56.72,56.04,56.55
VTRS,2015-02-19,56.37,57.36,56.31,57.22
VTRS,2015-02-20,57.28,57.9,56.86,57.87
VTRS,2015-02-23,58.0,58.03,57.41,57.65
VTRS,2015-02-24,57.74,57.83,57.11,57.22
VTRS,2015-02-25,57.11,57.32,56.1,56.5
VTRS,2015-02-26,56.5,57.28,56.18,57.25
VTRS,2015-02-27,57.92,58.37,56.89,57.33
VTRS,2015-03-02,58.0,58.36,57.05,57.89
VTRS,2015-03-03,56.76,57.2,55.0,55.44
VTRS,2015-03-04,55.79,55.95,54.89,55.61
VTRS,2015-03-05,56.26,58.26,56.09,56.69
VTRS,2015-03-06,56.43,56.64,55.17,55.44
VTRS,2015-03-09,55.76,56.0,55.14,55.74
VTRS,2015-03-10,55.27,55.95,54.81,55.31
VTRS,2015-03-11,55.64,59.92,55.25,59.0
VTRS,2015-03-12,59.07,62.45,59.05,62.3
VTRS,2015-03-13,61.26,61.39,59.19,59.76
VTRS,2015-03-16,60.36,61.3,59.94,61.27
VTRS,2015-03-17,60.47,62.84,60.47,62.72
VTRS,2015-03-18,62.41,65.63,62.06,64.96
VTRS,2015-03-19,64.44,64.75,62.9,63.94
VTRS,2015-03-20,64.37,64.57,63.06,63.06
VTRS,2015-03-23,63.15,64.3,62.11,63.28
VTRS,2015-03-24,63.04,64.06,62.94,63.09
VTRS,2015-03-25,62.88,63.97,60.93,61.23
VTRS,2015-03-26,60.41,63.02,60.02,61.88
VTRS,2015-03-27,61.88,62.45,61.29,61.63
VTRS,2015-03-30,58.8,60.06,57.62,60.0
VTRS,2015-03-31,59.56,60.41,58.9,59.35
VTRS,2015-04-01,58.44,58.52,57.46,57.94
VTRS,2015-04-02,58.37,58.65,58.02,58.1
VTRS,2015-04-06,58.12,58.77,58.0,58.48
VTRS,2015-04-07,58.98,59.74,58.4,59.57
VTRS,2015-04-08,60.17,70.21,60.0,68.36
VTRS,2015-04-09,67.95,72.62,67.51,70.1
VTRS,2015-04-10,69.87,70.44,68.3,70.24
VTRS,2015-04-13,69.72,71.1,68.32,68.56
VTRS,2015-04-14,68.36,69.37,67.75,68.62
VTRS,2015-04-15,68.49,68.74,66.71,66.77
VTRS,2015-04-16,67.02,68.47,66.15,66.83
VTRS,2015-04-17,66.48,72.16,66.31,69.82
VTRS,2015-04-20,69.64,69.81,67.21,68.05
VTRS,2015-04-21,74.3,74.9,72.99,74.07
VTRS,2015-04-22,75.0,75.4,71.12,72.4
VTRS,2015-04-23,72.33,73.82,72.01,73.69
VTRS,2015-04-24,73.58,76.69,72.71,76.06
VTRS,2015-04-27,75.4,75.4,71.21,71.72
VTRS,2015-04-28,72.5,74.13,71.45,72.71
VTRS,2015-04-29,72.48,74.72,72.07,74.5
VTRS,2015-04-30,74.45,75.26,71.13,72.26
VTRS,2015-05-01,72.72,74.61,72.28,73.89
VTRS,2015-05-04,74.2,74.23,72.94,73.05
VTRS,2015-05-05,73.23,73.76,72.32,72.89
VTRS,2015-05-06,73.09,73.85,70.39,71.05
VTRS,2015-05-07,71.05,71.72,69.62,70.39
VTRS,2015-05-08,71.1,71.52,69.73,71.31
VTRS,2015-05-11,71.28,71.95,70.31,71.63
VTRS,2015-05-12,70.99,71.41,69.85,70.33
VTRS,2015-05-13,70.37,71.2,70.06,70.85
VTRS,2015-05-14,71.29,71.68,70.13,71.53
VTRS,2015-05-15,71.23,71.98,70.59,70.67
VTRS,2015-05-18,70.45,71.42,69.5,71.38
VTRS,2015-05-19,70.28,71.69,70.28,71.35
VTRS,2015-05-20,71.5,71.54,70.24,70.45
VTRS,2015-05-21,70.16,71.03,69.75,69.94
VTRS,2015-05-22,70.0,70.55,69.49,69.66
VTRS,2015-05-26,69.5,71.05,69.49,70.55
VTRS,2015-05-27,70.59,72.48,70.57,72.04
VTRS,2015-05-28,72.5,73.15,72.08,72.68
VTRS,2015-05-29,72.73,73.86,72.56,72.63
VTRS,2015-06-01,72.42,73.76,72.4,73.32
VTRS,2015-06-02,72.9,73.3,72.05,72.28
VTRS,2015-06-03,72.62,73.25,72.15,72.39
VTRS,2015-06-04,72.0,74.66,71.31,74.29
VTRS,2015-06-05,74.47,74.62,73.32,74.14
VTRS,2015-06-08,74.01,74.38,73.48,73.65
VTRS,2015-06-09,73.78,74.18,73.43,73.8
VTRS,2015-06-10,73.88,74.25,73.38,74.06
VTRS,2015-06-11,74.18,74.33,73.63,74.11
VTRS,2015-06-12,74.02,74.4,73.18,73.7
VTRS,2015-06-15,73.64,73.77,72.56,73.59
VTRS,2015-06-16,72.89,73.01,71.58,72.05
VTRS,2015-06-17,72.24,72.85,71.18,71.23
VTRS,2015-06-18,71.72,72.99,71.5,72.56
VTRS,2015-06-19,72.34,72.87,71.44,71.62
VTRS,2015-06-22,71.95,72.26,71.33,71.42
VTRS,2015-06-23,71.98,72.0,70.57,71.02
VTRS,2015-06-24,71.02,71.45,70.6,70.86
VTRS,2015-06-25,70.9,71.21,69.85,70.36
VTRS,2015-06-26,70.68,70.86,69.01,69.06
VTRS,2015-06-29,68.15,68.99,67.33,67.63
VTRS,2015-06-30,68.28,68.46,67.37,67.86
VTRS,2015-07-01,68.52,69.76,67.92,69.7
VTRS,2015-07-02,69.67,70.41,69.34,70.12
VTRS,2015-07-06,69.14,73.9,69.0,70.75
VTRS,2015-07-07,71.21,71.58,69.6,71.49
VTRS,2015-07-08,71.22,71.99,68.89,68.96
VTRS,2015-07-09,69.71,70.53,68.64,70.35
VTRS,2015-07-10,71.37,72.99,70.63,71.22
VTRS,2015-07-13,71.6,71.73,70.11,71.06
VTRS,2015-07-14,71.08,71.95,70.5,71.42
VTRS,2015-07-15,71.2,71.42,68.28,70.06
VTRS,2015-07-16,70.46,70.81,68.05,68.44
VTRS,2015-07-17,68.4,69.01,68.0,68.47
VTRS,2015-07-20,68.32,68.45,66.76,66.98
VTRS,2015-07-21,67.61,67.61,66.6,67.21
VTRS,2015-07-22,67.2,68.09,66.69,67.9
VTRS,2015-07-23,66.99,68.04,66.36,66.56
VTRS,2015-07-24,66.44,67.34,65.46,65.94
VTRS,2015-07-27,56.04,57.58,55.4,56.37
VTRS,2015-07-28,56.74,57.0,53.81,56.35
VTRS,2015-07-29,56.5,58.05,55.62,57.24
VTRS,2015-07-30,57.4,57.6,56.34,56.35
VTRS,2015-07-31,56.48,56.64,55.61,55.99
VTRS,2015-08-03,55.89,56.73,54.98,55.2
VTRS,2015-08-04,54.93,55.39,53.89,54.67
VTRS,2015-08-05,55.0,55.16,54.1,54.6
VTRS,2015-08-06,55.35,55.99,52.59,55.4
VTRS,2015-08-07,55.9,56.41,55.16,56.35
VTRS,2015-08-10,56.98,57.81,56.82,57.53
VTRS,2015-08-11,57.38,57.77,56.42,57.13
VTRS,2015-08-12,56.25,56.84,54.23,55.36
VTRS,2015-08-13,55.09,55.4,54.17,54.22
VTRS,2015-08-14,56.0,56.13,53.68,54.36
VTRS,2015-08-17,54.37,55.56,54.05,55.49
VTRS,2015-08-18,55.66,56.44,54.85,55.75
VTRS,2015-08-19,55.66,55.73,54.69,55.09
VTRS,2015-08-20,54.5,54.83,53.02,53.03
VTRS,2015-08-21,52.36,53.14,51.2,51.5
VTRS,2015-08-24,47.88,51.26,45.5,49.81
VTRS,2015-08-25,51.98,52.04,49.07,49.11
VTRS,2015-08-26,50.23,51.42,48.39,51.13
VTRS,2015-08-27,51.52,52.93,50.42,51.49
VTRS,2015-08-28,51.64,51.93,49.82,50.37
VTRS,2015-08-31,50.59,51.66,49.45,49.59
VTRS,2015-09-01,48.56,49.66,47.9,48.29
VTRS,2015-09-02,49.0,49.43,47.6,48.62
VTRS,2015-09-03,49.05,49.51,47.24,47.42
VTRS,2015-09-04,46.73,48.39,46.55,48.05
VTRS,2015-09-08,48.75,49.43,48.0,48.72
VTRS,2015-09-09,48.98,49.34,47.41,47.56
VTRS,2015-09-10,47.49,48.26,47.01,47.8
VTRS,2015-09-11,47.43,48.77,47.28,48.65
VTRS,2015-09-14,48.47,49.07,48.27,49.06
VTRS,2015-09-15,49.21,50.07,48.95,49.56
VTRS,2015-09-16,49.81,49.85,48.48,49.01
VTRS,2015-09-17,49.55,50.16,48.78,49.37
VTRS,2015-09-18,49.23,49.71,48.56,49.59
VTRS,2015-09-21,49.4,49.59,47.53,48.16
VTRS,2015-09-22,47.47,47.7,45.44,46.65
VTRS,2015-09-23,46.78,47.08,45.33,45.41
VTRS,2015-09-24,45.1,45.76,44.22,45.56
VTRS,2015-09-25,45.8,46.09,42.14,43.61
VTRS,2015-09-28,43.13,43.55,39.51,40.86
VTRS,2015-09-29,40.79,41.66,39.16,39.8
VTRS,2015-09-30,40.91,41.26,39.3,40.26
VTRS,2015-10-01,40.6,41.62,39.63,41.41
VTRS,2015-10-02,40.3,43.83,40.22,43.66
VTRS,2015-10-05,43.75,44.43,42.55,43.9
VTRS,2015-10-06,44.39,44.47,42.25,42.85
VTRS,2015-10-07,42.89,42.99,41.01,42.23
VTRS,2015-10-08,42.38,42.94,41.32,42.67
VTRS,2015-10-09,42.8,43.17,42.07,42.55
VTRS,2015-10-12,43.18,43.69,42.52,42.9
VTRS,2015-10-13,42.9,43.54,41.27,41.42
VTRS,2015-10-14,41.56,42.67,41.5,42.24
VTRS,2015-10-15,41.78,42.91,41.58,42.73
VTRS,2015-10-16,43.0,43.77,42.73,43.55
VTRS,2015-10-19,44.04,44.25,42.76,43.74
VTRS,2015-10-20,44.2,44.2,42.46,42.55
VTRS,2015-10-21,42.49,42.52,39.44,40.89
VTRS,2015-10-22,40.6,40.6,37.59,39.16
VTRS,2015-10-23,39.74,41.56,38.91,40.96
VTRS,2015-10-26,40.9,42.16,40.4,41.85
VTRS,2015-10-27,42.12,44.11,42.01,44.09
VTRS,2015-10-28,44.38,45.37,43.56,44.89
VTRS,2015-10-29,46.68,48.04,45.08,45.78
VTRS,2015-10-30,45.49,46.05,43.43,44.09
VTRS,2015-11-02,44.87,46.33,44.25,45.81
VTRS,2015-11-03,45.46,47.49,45.46,46.57
VTRS,2015-11-04,47.05,47.46,46.4,46.58
VTRS,2015-11-05,46.42,46.78,44.64,44.79
VTRS,2015-11-06,45.01,45.45,44.2,44.96
VTRS,2015-11-09,45.1,46.23,44.4,45.14
VTRS,2015-11-10,45.34,45.85,44.75,45.44
VTRS,2015-11-11,45.66,46.43,44.28,44.49
VTRS,2015-11-12,44.65,44.73,42.56,43.2
VTRS,2015-11-13,47.6,49.49,46.48,48.78
VTRS,2015-11-16,48.86,50.51,48.4,50.0
VTRS,2015-11-17,50.19,51.45,50.1,50.66
VTRS,2015-11-18,50.85,52.24,50.42,52.02
VTRS,2015-11-19,52.46,52.46,50.2,51.22
VTRS,2015-11-20,51.58,51.97,50.35,51.87
VTRS,2015-11-23,51.86,52.45,50.53,50.88
VTRS,2015-11-24,50.56,50.97,50.18,50.39
VTRS,2015-11-25,50.27,51.85,50.24,51.8
VTRS,2015-11-27,51.85,52.02,51.47,51.74
VTRS,2015-11-30,51.71,52.0,50.87,51.3
VTRS,2015-12-01,51.88,53.34,51.51,53.08
VTRS,2015-12-02,52.78,54.5,51.77,52.08
VTRS,2015-12-03,52.21,52.42,50.24,51.07
VTRS,2015-12-04,50.7,51.47,50.15,51.41
VTRS,2015-12-07,51.23,51.55,50.13,51.09
VTRS,2015-12-08,50.5,51.53,50.23,51.26
VTRS,2015-12-09,51.04,52.05,50.26,50.7
VTRS,2015-12-10,51.0,52.99,50.82,52.93
VTRS,2015-12-11,52.26,53.28,51.91,52.56
VTRS,2015-12-14,53.64,53.81,51.85,53.37
VTRS,2015-12-15,53.88,55.0,53.77,53.99
VTRS,2015-12-16,54.2,54.74,53.17,54.39
VTRS,2015-12-17,55.04,55.3,52.94,52.97
VTRS,2015-12-18,52.44,53.74,52.15,53.17
VTRS,2015-12-21,53.52,53.85,53.17,53.64
VTRS,2015-12-22,53.62,54.29,53.41,54.19
VTRS,2015-12-23,54.26,55.06,54.12,54.79
VTRS,2015-12-24,55.09,55.15,54.35,54.82
VTRS,2015-12-28,54.48,54.48,53.58,54.33
VTRS,2015-12-29,54.61,55.51,54.48,55.28
VTRS,2015-12-30,55.01,55.5,54.5,54.62
VTRS,2015-12-31,54.36,54.77,54.02,54.07
VTRS,2016-01-04,52.88,54.0,52.7,53.28
VTRS,2016-01-05,53.67,54.42,53.25,54.09
VTRS,2016-01-06,52.96,54.44,52.78,53.36
VTRS,2016-01-07,52.52,52.67,51.57,51.61
VTRS,2016-01-08,51.72,51.93,49.26,49.42
VTRS,2016-01-11,50.06,50.23,48.33,49.5
VTRS,2016-01-12,49.73,50.67,48.77,50.09
VTRS,2016-01-13,50.5,50.99,48.77,48.89
VTRS,2016-01-14,49.0,51.65,48.41,50.7
VTRS,2016-01-15,48.9,50.41,48.03,49.71
VTRS,2016-01-19,50.57,51.78,48.74,50.22
VTRS,2016-01-20,49.71,52.16,49.54,51.4
VTRS,2016-01-21,51.86,52.27,50.44,51.44
VTRS,2016-01-22,52.6,53.41,51.94,53.11
VTRS,2016-01-25,52.96,53.63,52.4,52.62
VTRS,2016-01-26,52.73,54.23,52.05,53.93
VTRS,2016-01-27,53.85,53.92,50.83,51.23
VTRS,2016-01-28,51.89,51.94,49.5,50.43
VTRS,2016-01-29,50.84,52.77,50.29,52.69
VTRS,2016-02-01,51.92,52.67,50.62,52.35
VTRS,2016-02-02,52.01,53.05,50.53,50.82
VTRS,2016-02-03,51.38,52.55,49.33,52.26
VTRS,2016-02-04,51.94,53.21,51.15,52.31
VTRS,2016-02-05,52.21,52.91,50.95,51.39
VTRS,2016-02-08,50.81,51.15,49.34,50.45
VTRS,2016-02-09,49.72,51.59,49.14,50.74
VTRS,2016-02-10,51.21,51.73,49.14,50.54
VTRS,2016-02-11,43.95,44.0,40.04,41.42
VTRS,2016-02-12,41.34,42.0,40.05,41.83
VTRS,2016-02-16,42.27,43.2,41.94,43.15
VTRS,2016-02-17,43.8,46.42,43.72,46.27
VTRS,2016-02-18,46.46,47.05,44.62,44.71
VTRS,2016-02-19,43.8,45.98,43.8,45.34
VTRS,2016-02-22,46.35,46.9,45.63,46.81
VTRS,2016-02-23,46.7,47.97,46.54,46.71
VTRS,2016-02-24,45.7,46.78,44.86,46.6
VTRS,2016-02-25,46.98,47.43,46.18,47.42
VTRS,2016-02-26,47.07,47.77,46.83,47.14
VTRS,2016-02-29,47.0,47.04,45.04,45.07
VTRS,2016-03-01,46.46,46.79,45.19,46.06
VTRS,2016-03-02,45.95,46.17,44.87,46.12
VTRS,2016-03-03,45.82,46.12,45.17,45.73
VTRS,2016-03-04,46.0,46.02,44.3,44.78
VTRS,2016-03-07,44.89,47.02,44.62,46.14
VTRS,2016-03-08,45.95,46.0,44.56,44.75
VTRS,2016-03-09,44.98,46.59,44.64,46.55
VTRS,2016-03-10,47.22,48.71,46.66,47.29
VTRS,2016-03-11,47.0,48.61,46.95,48.6
VTRS,2016-03-14,48.4,48.43,46.36,47.87
VTRS,2016-03-15,47.18,47.3,45.34,45.92
VTRS,2016-03-16,45.64,47.18,45.61,46.4
VTRS,2016-03-17,46.08,46.2,43.65,44.22
VTRS,2016-03-18,44.62,45.28,43.84,45.05
VTRS,2016-03-21,45.13,46.13,45.1,45.46
VTRS,2016-03-22,45.29,46.38,45.25,46.21
VTRS,2016-03-23,46.22,46.45,45.37,45.41
VTRS,2016-03-24,45.0,46.13,44.47,45.88
VTRS,2016-03-28,45.98,46.07,44.82,45.2
VTRS,2016-03-29,45.07,47.2,44.76,47.01
VTRS,2016-03-30,46.91,47.2,45.95,46.4
VTRS,2016-03-31,46.21,46.68,45.57,46.35
VTRS,2016-04-01,46.22,47.66,45.73,47.5
VTRS,2016-04-04,47.49,48.46,47.06,47.23
VTRS,2016-04-05,46.25,46.55,45.6,45.92
VTRS,2016-04-06,45.92,48.39,45.77,48.34
VTRS,2016-04-07,47.95,48.81,47.66,48.07
VTRS,2016-04-08,48.91,48.91,46.63,47.0
VTRS,2016-04-11,47.32,47.47,45.21,45.56
VTRS,2016-04-12,45.61,46.94,45.61,46.25
VTRS,2016-04-13,46.71,47.61,46.15,47.22
VTRS,2016-04-14,47.33,48.0,46.78,47.59
VTRS,2016-04-15,47.16,47.6,46.64,46.89
VTRS,2016-04-18,46.95,47.93,46.64,47.6
VTRS,2016-04-19,47.77,48.96,47.65,47.77
VTRS,2016-04-20,48.09,48.43,47.5,47.93
VTRS,2016-04-21,48.04,49.2,48.01,48.8
VTRS,2016-04-22,48.75,49.42,47.82,48.29
VTRS,2016-04-25,46.85,47.0,44.98,45.02
VTRS,2016-04-26,45.5,45.5,43.8,44.99
VTRS,2016-04-27,44.85,45.13,44.25,44.48
VTRS,2016-04-28,43.88,43.88,42.46,42.6
VTRS,2016-04-29,42.37,42.73,41.31,41.71
VTRS,2016-05-02,42.1,42.76,41.51,42.71
VTRS,2016-05-03,43.37,44.56,41.85,43.69
VTRS,2016-05-04,43.4,43.5,41.58,41.94
VTRS,2016-05-05,41.84,42.03,40.76,41.4
VTRS,2016-05-06,40.31,41.22,38.46,39.65
VTRS,2016-05-09,40.52,41.1,40.16,40.77
VTRS,2016-05-10,40.88,41.37,40.56,40.81
VTRS,2016-05-11,40.71,40.75,39.57,39.64
VTRS,2016-05-12,39.65,39.89,38.01,38.62
VTRS,2016-05-13,38.38,39.32,38.05,39.16
VTRS,2016-05-16,39.47,40.53,39.2,40.45
VTRS,2016-05-17,40.4,41.72,40.21,41.02
VTRS,2016-05-18,41.18,42.76,41.15,42.04
VTRS,2016-05-19,41.83,42.42,40.5,41.12
VTRS,2016-05-20,41.17,42.09,41.09,41.51
VTRS,2016-05-23,41.56,41.66,40.95,41.21
VTRS,2016-05-24,41.55,42.6,41.5,42.44
VTRS,2016-05-25,42.47,42.97,42.14,42.68
VTRS,2016-05-26,42.66,43.0,42.41,42.86
VTRS,2016-05-27,43.06,43.84,42.89,43.06
VTRS,2016-05-31,43.21,43.59,42.97,43.34
VTRS,2016-06-01,43.24,44.86,42.97,44.46
VTRS,2016-06-02,44.75,45.68,44.55,44.96
VTRS,2016-06-03,44.95,45.29,43.53,44.52
VTRS,2016-06-06,45.12,46.55,44.8,46.52
VTRS,2016-06-07,46.28,46.68,45.42,46.61
VTRS,2016-06-08,46.67,47.0,46.18,46.51
VTRS,2016-06-09,46.29,46.71,45.71,45.76
VTRS,2016-06-10,44.39,44.58,43.0,44.53
VTRS,2016-06-13,44.15,45.37,44.05,44.77
VTRS,2016-06-14,44.67,45.43,44.1,44.87
VTRS,2016-06-15,44.97,45.8,44.66,44.74
VTRS,2016-06-16,44.4,45.12,44.09,45.05
VTRS,2016-06-17,45.05,45.58,44.47,45.01
VTRS,2016-06-20,45.66,46.21,45.09,45.38
VTRS,2016-06-21,45.56,45.79,44.06,44.88
VTRS,2016-06-22,44.74,46.29,44.7,45.0
VTRS,2016-06-23,45.64,46.22,45.46,46.16
VTRS,2016-06-24,43.68,45.14,43.2,43.56
VTRS,2016-06-27,43.18,43.19,41.62,41.81
VTRS,2016-06-28,42.18,43.07,42.14,42.82
VTRS,2016-06-29,43.17,43.93,42.67,43.22
VTRS,2016-06-30,43.25,43.37,42.47,43.24
VTRS,2016-07-01,43.34,43.59,42.84,43.48
VTRS,2016-07-05,43.3,43.31,42.33,42.67
VTRS,2016-07-06,42.64,43.6,41.99,43.54
VTRS,2016-07-07,43.76,43.92,43.14,43.7
VTRS,2016-07-08,44.18,44.79,43.8,44.54
VTRS,2016-07-11,44.72,44.88,44.31,44.55
VTRS,2016-07-12,44.78,45.39,44.74,45.16
VTRS,2016-07-13,45.94,46.78,45.28,45.3
VTRS,2016-07-14,45.85,45.97,45.28,45.38
VTRS,2016-07-15,45.83,45.9,45.15,45.45
VTRS,2016-07-18,45.56,45.92,45.41,45.53
VTRS,2016-07-19,45.32,45.75,44.74,44.93
VTRS,2016-07-20,45.07,47.21,44.99,47.2
VTRS,2016-07-21,47.02,47.69,45.97,46.86
VTRS,2016-07-22,47.04,47.06,46.09,46.59
VTRS,2016-07-25,46.58,47.34,46.51,47.28
VTRS,2016-07-26,47.13,48.34,46.42,46.48
VTRS,2016-07-27,46.53,47.01,46.38,46.93
VTRS,2016-07-28,46.82,46.92,45.82,46.72
VTRS,2016-07-29,46.7,46.94,46.11,46.79
VTRS,2016-08-01,46.79,47.12,46.36,46.74
VTRS,2016-08-02,46.4,46.74,45.68,46.53
VTRS,2016-08-03,46.33,48.54,46.3,48.41
VTRS,2016-08-04,48.31,49.19,48.25,48.55
VTRS,2016-08-05,48.98,49.11,48.3,48.46
VTRS,2016-08-08,48.42,49.32,48.24,48.53
VTRS,2016-08-09,48.6,50.4,48.6,49.92
VTRS,2016-08-10,49.3,49.91,48.01,48.79
VTRS,2016-08-11,49.09,49.4,48.56,48.71
VTRS,2016-08-12,48.4,48.52,47.73,48.46
VTRS,2016-08-15,48.72,48.9,48.5,48.75
VTRS,2016-08-16,48.71,49.02,48.49,48.53
VTRS,2016-08-17,48.76,49.16,48.32,48.9
VTRS,2016-08-18,49.0,49.42,48.86,49.32
VTRS,2016-08-19,48.99,49.2,48.1,48.66
VTRS,2016-08-22,48.54,49.09,47.57,47.9
VTRS,2016-08-23,47.45,47.59,45.53,45.62
VTRS,2016-08-24,45.5,45.99,42.78,43.15
VTRS,2016-08-25,44.65,45.11,42.33,42.85
VTRS,2016-08-26,43.11,43.98,42.63,43.03
VTRS,2016-08-29,43.99,44.24,42.47,43.22
VTRS,2016-08-30,43.25,44.1,42.59,42.75
VTRS,2016-08-31,42.56,42.63,41.87,42.36
VTRS,2016-09-01,42.52,42.63,41.55,41.92
VTRS,2016-09-02,42.01,42.09,39.82,39.97
VTRS,2016-09-06,40.0,40.93,39.9,40.4
VTRS,2016-09-07,40.84,40.88,40.21,40.31
VTRS,2016-09-08,40.5,40.78,39.97,40.57
VTRS,2016-09-09,40.39,40.39,39.75,39.89
VTRS,2016-09-12,40.03,41.57,40.0,41.33
VTRS,2016-09-13,41.09,41.17,40.5,40.91
VTRS,2016-09-14,41.29,41.55,40.55,40.84
VTRS,2016-09-15,40.91,41.58,40.66,41.49
VTRS,2016-09-16,41.44,41.86,40.93,41.79
VTRS,2016-09-19,41.97,42.06,41.25,41.49
VTRS,2016-09-20,41.56,42.04,41.13,41.26
VTRS,2016-09-21,41.05,42.07,40.92,41.91
VTRS,2016-09-22,42.42,43.72,42.29,42.59
VTRS,2016-09-23,42.69,42.69,41.95,42.06
VTRS,2016-09-26,41.79,41.9,41.13,41.18
VTRS,2016-09-27,41.04,41.43,40.82,41.31
VTRS,2016-09-28,41.2,41.43,40.04,40.22
VTRS,2016-09-29,40.17,40.22,37.65,38.47
VTRS,2016-09-30,38.33,38.83,37.85,38.12
VTRS,2016-10-03,38.1,38.22,37.41,38.2
VTRS,2016-10-04,38.07,38.35,37.62,37.97
VTRS,2016-10-05,38.08,38.46,37.82,38.03
VTRS,2016-10-06,37.75,37.8,36.43,36.84
VTRS,2016-10-07,36.81,36.84,35.58,35.94
VTRS,2016-10-10,40.32,40.45,38.71,38.87
VTRS,2016-10-11,38.69,39.28,38.11,38.31
VTRS,2016-10-12,38.22,38.35,36.9,37.07
VTRS,2016-10-13,36.84,38.27,36.77,37.88
VTRS,2016-10-14,38.0,38.13,36.47,36.49
VTRS,2016-10-17,36.69,36.8,36.09,36.44
VTRS,2016-10-18,36.95,37.47,36.69,37.39
VTRS,2016-10-19,37.79,37.99,37.17,37.2
VTRS,2016-10-20,37.3,37.88,37.17,37.61
VTRS,2016-10-21,37.57,37.71,36.82,37.02
VTRS,2016-10-24,37.25,37.89,37.02,37.56
VTRS,2016-10-25,37.69,39.39,37.62,38.68
VTRS,2016-10-26,38.48,38.77,37.65,38.08
VTRS,2016-10-27,38.24,38.38,37.61,38.02
VTRS,2016-10-28,37.86,38.75,36.67,37.19
VTRS,2016-10-31,37.29,37.48,36.48,36.5
VTRS,2016-11-01,36.54,37.32,36.51,37.16
VTRS,2016-11-02,37.12,37.56,36.35,36.67
VTRS,2016-11-03,37.04,37.1,33.6,34.14
VTRS,2016-11-04,34.01,35.63,34.0,35.0
VTRS,2016-11-07,35.69,36.81,35.28,36.59
VTRS,2016-11-08,35.61,37.77,35.45,37.11
VTRS,2016-11-09,40.0,40.5,38.55,38.92
VTRS,2016-11-10,39.45,40.41,37.55,38.28
VTRS,2016-11-11,37.92,38.54,37.41,37.93
VTRS,2016-11-14,37.56,38.53,37.56,38.44
VTRS,2016-11-15,38.0,38.78,37.4,38.66
VTRS,2016-11-16,38.5,38.6,37.7,37.9
VTRS,2016-11-17,38.08,38.13,37.0,37.56
VTRS,2016-11-18,37.45,37.59,36.41,36.47
VTRS,2016-11-21,36.53,37.11,36.42,36.68
VTRS,2016-11-22,36.62,36.94,35.9,36.32
VTRS,2016-11-23,35.91,36.9,35.26,36.85
VTRS,2016-11-25,36.93,37.04,36.58,36.68
VTRS,2016-11-28,36.72,37.15,36.67,36.74
VTRS,2016-11-29,36.76,37.0,35.95,36.06
VTRS,2016-11-30,36.03,36.72,35.69,36.61
VTRS,2016-12-01,36.62,37.16,35.92,36.03
VTRS,2016-12-02,36.07,36.42,35.68,35.99
VTRS,2016-12-05,36.31,36.66,35.37,35.65
VTRS,2016-12-06,35.45,36.02,34.91,35.86
VTRS,2016-12-07,35.52,35.52,33.79,34.5
VTRS,2016-12-08,34.5,36.08,34.24,36.06
VTRS,2016-12-09,36.08,37.15,36.07,36.51
VTRS,2016-12-12,36.69,37.3,36.35,37.13
VTRS,2016-12-13,37.7,38.45,37.64,38.3
VTRS,2016-12-14,38.15,38.17,37.13,37.69
VTRS,2016-12-15,37.64,38.1,37.32,37.76
VTRS,2016-12-16,38.09,38.23,37.63,37.82
VTRS,2016-12-19,37.63,38.29,37.38,37.49
VTRS,2016-12-20,37.56,37.83,37.14,37.29
VTRS,2016-12-21,37.4,37.89,37.05,37.52
VTRS,2016-12-22,37.39,37.81,37.13,37.31
VTRS,2016-12-23,37.26,37.55,37.2,37.5
VTRS,2016-12-27,37.48,38.24,37.46,37.58
VTRS,2016-12-28,37.69,37.79,36.9,37.21
VTRS,2016-12-29,37.47,38.0,37.18,37.38
VTRS,2016-12-30,37.98,38.79,37.84,38.15
VTRS,2017-01-03,38.48,39.28,38.42,39.11
VTRS,2017-01-04,39.32,40.08,39.25,39.63
VTRS,2017-01-05,38.95,39.47,38.77,39.16
VTRS,2017-01-06,38.87,39.08,37.95,38.5
VTRS,2017-01-09,38.5,39.13,38.41,38.95
VTRS,2017-01-10,39.23,39.37,38.67,38.95
VTRS,2017-01-11,39.55,39.58,37.08,37.28
VTRS,2017-01-12,37.44,37.44,36.17,36.77
VTRS,2017-01-13,36.79,37.02,36.35,36.73
VTRS,2017-01-17,36.86,37.36,36.45,37.07
VTRS,2017-01-18,37.18,37.38,36.71,37.19
VTRS,2017-01-19,37.11,37.3,36.71,36.95
VTRS,2017-01-20,36.93,37.35,36.8,37.07
VTRS,2017-01-23,36.87,37.19,35.82,36.03
VTRS,2017-01-24,36.03,36.13,35.16,35.81
VTRS,2017-01-25,36.0,36.64,35.98,36.48
VTRS,2017-01-26,36.54,36.59,35.83,36.1
VTRS,2017-01-27,36.16,36.83,36.01,36.66
VTRS,2017-01-30,36.57,36.73,35.5,36.34
VTRS,2017-01-31,37.02,38.09,36.41,38.05
VTRS,2017-02-01,38.68,38.75,38.07,38.66
VTRS,2017-02-02,38.26,39.35,38.16,39.0
VTRS,2017-02-03,39.27,39.5,38.52,39.21
VTRS,2017-02-06,39.36,40.25,39.34,39.98
VTRS,2017-02-07,40.26,40.3,39.21,39.39
VTRS,2017-02-08,39.22,39.65,39.0,39.19
VTRS,2017-02-09,39.36,39.6,39.0,39.3
VTRS,2017-02-10,39.09,39.46,39.0,39.31
VTRS,2017-02-13,39.71,39.89,39.56,39.78
VTRS,2017-02-14,39.59,40.91,39.56,40.75
VTRS,2017-02-15,40.67,42.59,40.59,42.44
VTRS,2017-02-16,42.6,42.65,41.56,42.0
VTRS,2017-02-17,41.86,42.33,41.78,42.05
VTRS,2017-02-21,42.46,42.7,42.07,42.3
VTRS,2017-02-22,42.21,42.3,41.86,42.0
VTRS,2017-02-23,42.03,42.54,41.77,42.33
VTRS,2017-02-24,42.31,42.35,41.76,42.16
VTRS,2017-02-27,42.04,42.5,41.77,42.44
VTRS,2017-02-28,42.45,42.48,41.42,41.85
VTRS,2017-03-01,44.34,45.87,44.1,44.87
VTRS,2017-03-02,44.67,45.73,44.4,45.28
VTRS,2017-03-03,45.21,45.75,44.91,45.18
VTRS,2017-03-06,45.31,45.44,43.98,44.04
VTRS,2017-03-07,43.45,43.75,42.79,43.33
VTRS,2017-03-08,43.32,43.88,43.07,43.47
VTRS,2017-03-09,43.62,43.66,42.9,43.23
VTRS,2017-03-10,43.68,43.73,42.97,43.4
VTRS,2017-03-13,43.5,43.5,42.89,42.98
VTRS,2017-03-14,42.68,42.93,42.32,42.77
VTRS,2017-03-15,42.89,43.0,42.6,42.83
VTRS,2017-03-16,42.71,42.89,42.3,42.49
VTRS,2017-03-17,42.59,42.63,41.94,42.03
VTRS,2017-03-20,42.1,42.52,41.95,42.17
VTRS,2017-03-21,42.17,42.17,41.58,41.67
VTRS,2017-03-22,41.6,41.86,41.37,41.7
VTRS,2017-03-23,41.2,42.06,41.12,41.61
VTRS,2017-03-24,40.28,41.27,40.25,40.96
VTRS,2017-03-27,40.86,41.75,40.79,41.71
VTRS,2017-03-28,41.94,42.48,41.55,41.72
VTRS,2017-03-29,41.5,41.89,40.13,40.35
VTRS,2017-03-30,40.21,40.43,39.5,39.59
VTRS,2017-03-31,39.48,39.66,38.95,38.99
VTRS,2017-04-03,38.63,39.16,38.57,39.01
VTRS,2017-04-04,38.98,39.02,38.34,38.7
VTRS,2017-04-05,38.74,39.24,38.59,38.82
VTRS,2017-04-06,39.03,39.31,38.79,38.96
VTRS,2017-04-07,38.86,39.82,38.68,39.6
VTRS,2017-04-10,39.75,40.07,39.24,39.25
VTRS,2017-04-11,39.16,39.16,38.25,38.45
VTRS,2017-04-12,38.33,38.5,37.68,38.04
VTRS,2017-04-13,37.8,37.95,37.1,37.67
VTRS,2017-04-17,37.74,37.85,37.0,37.55
VTRS,2017-04-18,36.96,37.31,36.75,37.03
VTRS,2017-04-19,37.17,37.29,36.85,36.96
VTRS,2017-04-20,37.18,37.22,36.6,37.08
VTRS,2017-04-21,37.11,37.45,36.54,36.83
VTRS,2017-04-24,37.25,37.7,37.14,37.47
VTRS,2017-04-25,37.47,37.5,36.57,36.85
VTRS,2017-04-26,36.92,38.02,36.83,37.44
VTRS,2017-04-27,37.4,37.84,37.32,37.72
VTRS,2017-04-28,37.73,37.83,37.12,37.35
VTRS,2017-05-01,37.64,37.83,37.39,37.4
VTRS,2017-05-02,37.47,38.39,37.24,38.17
VTRS,2017-05-03,38.0,38.0,36.59,37.19
VTRS,2017-05-04,37.22,38.24,37.16,38.01
VTRS,2017-05-05,38.1,38.2,37.32,37.9
VTRS,2017-05-08,37.66,37.72,37.14,37.38
VTRS,2017-05-09,37.8,38.48,37.26,38.01
VTRS,2017-05-10,38.65,38.94,36.79,38.21
VTRS,2017-05-11,38.51,39.77,38.33,39.43
VTRS,2017-05-12,39.3,39.54,38.87,38.94
VTRS,2017-05-15,39.08,39.13,38.55,38.68
VTRS,2017-05-16,39.01,39.35,38.67,39.15
VTRS,2017-05-17,38.78,39.22,38.6,38.65
VTRS,2017-05-18,38.76,38.8,37.96,38.15
VTRS,2017-05-19,38.13,38.47,37.92,37.94
VTRS,2017-05-22,38.71,38.76,38.18,38.64
VTRS,2017-05-23,38.93,40.1,38.79,39.59
VTRS,2017-05-24,39.82,39.83,39.13,39.18
VTRS,2017-05-25,39.2,39.85,38.95,39.83
VTRS,2017-05-26,39.75,39.99,39.43,39.72
VTRS,2017-05-30,39.78,39.9,39.19,39.36
VTRS,2017-05-31,39.39,39.66,38.74,38.98
VTRS,2017-06-01,39.08,39.58,39.05,39.56
VTRS,2017-06-02,39.42,39.48,39.0,39.08
VTRS,2017-06-05,38.91,39.1,38.22,38.64
VTRS,2017-06-06,38.59,38.85,38.38,38.55
VTRS,2017-06-07,38.63,39.42,38.61,39.34
VTRS,2017-06-08,39.74,39.96,39.44,39.71
VTRS,2017-06-09,39.74,40.67,39.71,40.09
VTRS,2017-06-12,39.78,40.04,38.84,38.88
VTRS,2017-06-13,38.8,38.92,37.67,37.77
VTRS,2017-06-14,37.82,38.05,37.44,37.88
VTRS,2017-06-15,37.41,37.53,36.5,36.98
VTRS,2017-06-16,36.91,37.06,36.57,36.72
VTRS,2017-06-19,36.88,37.58,36.87,37.23
VTRS,2017-06-20,37.15,37.79,36.82,37.42
VTRS,2017-06-21,37.47,38.3,37.45,38.27
VTRS,2017-06-22,38.46,39.2,38.35,39.01
VTRS,2017-06-23,39.03,39.29,38.67,39.03
VTRS,2017-06-26,39.11,39.31,38.87,39.03
VTRS,2017-06-27,39.18,39.22,38.41,38.43
VTRS,2017-06-28,38.8,39.27,38.61,39.07
VTRS,2017-06-29,39.21,39.4,38.58,38.76
VTRS,2017-06-30,38.86,38.93,38.37,38.82
VTRS,2017-07-03,38.93,39.23,38.78,38.81
VTRS,2017-07-05,39.04,39.07,38.05,38.47
VTRS,2017-07-06,38.22,38.35,37.55,37.65
VTRS,2017-07-07,37.7,37.89,37.28,37.61
VTRS,2017-07-10,37.6,37.83,37.47,37.72
VTRS,2017-07-11,37.58,37.88,37.42,37.65
VTRS,2017-07-12,37.91,38.61,37.89,38.58
VTRS,2017-07-13,38.95,39.45,38.75,39.05
VTRS,2017-07-14,39.37,39.58,39.04,39.21
VTRS,2017-07-17,39.2,39.41,38.65,38.75
VTRS,2017-07-18,38.59,38.59,37.59,38.11
VTRS,2017-07-19,38.06,38.48,37.76,38.34
VTRS,2017-07-20,38.69,39.58,38.62,39.49
VTRS,2017-07-21,39.8,39.8,39.03,39.17
VTRS,2017-07-24,39.04,39.13,38.63,38.76
VTRS,2017-07-25,38.91,39.12,38.72,38.82
VTRS,2017-07-26,38.85,39.46,38.64,39.19
VTRS,2017-07-27,39.27,39.35,38.22,38.49
VTRS,2017-07-28,38.35,38.87,38.16,38.74
VTRS,2017-07-31,38.98,39.39,38.91,38.99
VTRS,2017-08-01,39.05,39.05,38.48,38.59
VTRS,2017-08-02,38.42,38.43,36.71,36.92
VTRS,2017-08-03,35.49,36.53,34.31,34.7
VTRS,2017-08-04,34.33,34.34,32.77,32.92
VTRS,2017-08-07,31.48,32.71,31.47,32.0
VTRS,2017-08-08,32.09,32.68,31.28,31.79
VTRS,2017-08-09,29.9,32.69,29.58,32.08
VTRS,2017-08-10,32.04,33.48,31.99,32.29
VTRS,2017-08-11,32.29,32.4,30.4,30.88
VTRS,2017-08-14,31.42,31.5,29.56,29.63
VTRS,2017-08-15,29.49,30.6,29.39,30.13
VTRS,2017-08-16,31.28,31.33,30.14,30.47
VTRS,2017-08-17,30.3,31.18,30.3,30.56
VTRS,2017-08-18,30.5,31.23,30.5,30.72
VTRS,2017-08-21,30.71,31.05,30.34,30.44
VTRS,2017-08-22,30.32,30.83,30.03,30.73
VTRS,2017-08-23,30.51,30.8,30.17,30.32
VTRS,2017-08-24,30.14,30.81,30.1,30.21
VTRS,2017-08-25,30.27,30.78,30.21,30.53
VTRS,2017-08-28,30.77,31.08,30.59,30.83
VTRS,2017-08-29,30.56,30.6,30.2,30.5
VTRS,2017-08-30,30.4,30.73,29.53,30.59
VTRS,2017-08-31,30.81,31.71,30.8,31.48
VTRS,2017-09-01,31.51,31.88,31.16,31.57
VTRS,2017-09-05,31.76,32.0,31.32,31.59
VTRS,2017-09-06,31.95,32.52,31.82,32.24
VTRS,2017-09-07,32.5,32.97,31.78,31.91
VTRS,2017-09-08,31.88,32.21,31.62,32.1
VTRS,2017-09-11,32.54,33.26,32.46,33.04
VTRS,2017-09-12,33.32,33.67,33.21,33.6
VTRS,2017-09-13,33.31,33.64,33.28,33.56
VTRS,2017-09-14,33.48,33.58,32.8,32.87
VTRS,2017-09-15,32.86,32.86,31.8,32.03
VTRS,2017-09-18,32.02,32.36,31.35,31.5
VTRS,2017-09-19,31.52,31.69,30.72,30.98
VTRS,2017-09-20,31.12,31.69,30.95,31.39
VTRS,2017-09-21,31.27,31.52,30.94,31.24
VTRS,2017-09-22,31.27,31.45,30.69,31.3
VTRS,2017-09-25,31.19,31.94,31.13,31.48
VTRS,2017-09-26,31.37,31.87,31.09,31.13
VTRS,2017-09-27,31.23,32.03,31.18,31.93
VTRS,2017-09-28,32.01,32.03,30.73,30.86
VTRS,2017-09-29,31.45,32.27,31.22,31.37
VTRS,2017-10-02,31.18,32.41,31.03,32.39
VTRS,2017-10-03,32.47,32.64,31.84,32.53
VTRS,2017-10-04,38.0,39.24,37.41,37.8
VTRS,2017-10-05,38.0,38.48,36.39,37.92
VTRS,2017-10-06,37.93,38.51,37.65,38.29
VTRS,2017-10-09,38.16,38.54,38.0,38.25
VTRS,2017-10-10,38.1,38.59,37.72,38.45
VTRS,2017-10-11,38.27,38.7,38.15,38.29
VTRS,2017-10-12,38.25,38.26,37.6,37.76
VTRS,2017-10-13,37.57,38.34,37.07,37.95
VTRS,2017-10-16,38.03,38.54,37.82,38.18
VTRS,2017-10-17,38.03,38.66,38.01,38.54
VTRS,2017-10-18,38.6,38.64,37.27,37.51
VTRS,2017-10-19,37.3,38.33,37.26,38.29
VTRS,2017-10-20,38.43,38.63,37.95,38.51
VTRS,2017-10-23,38.48,38.64,38.12,38.47
VTRS,2017-10-24,38.5,39.27,38.21,38.92
VTRS,2017-10-25,38.66,39.1,38.51,39.02
VTRS,2017-10-26,39.25,39.68,38.27,38.57
VTRS,2017-10-27,38.34,38.78,38.23,38.35
VTRS,2017-10-30,38.35,38.61,38.12,38.24
VTRS,2017-10-31,38.24,38.44,34.72,35.71
VTRS,2017-11-01,35.63,37.25,35.3,36.85
VTRS,2017-11-02,36.08,36.37,34.96,35.34
VTRS,2017-11-03,35.07,36.0,35.03,35.72
VTRS,2017-11-06,36.11,38.33,35.7,37.39
VTRS,2017-11-07,38.39,38.44,36.56,36.67
VTRS,2017-11-08,36.72,37.75,36.26,37.24
VTRS,2017-11-09,36.63,38.18,36.57,38.08
VTRS,2017-11-10,37.93,38.19,37.53,38.16
VTRS,2017-11-13,37.69,38.21,37.37,37.57
VTRS,2017-11-14,37.29,38.05,37.13,37.85
VTRS,2017-11-15,37.78,37.95,37.24,37.8
VTRS,2017-11-16,37.28,37.6,36.81,37.5
VTRS,2017-11-17,37.43,37.76,36.65,37.59
VTRS,2017-11-20,37.4,37.47,36.25,36.5
VTRS,2017-11-21,36.17,37.49,36.17,37.23
VTRS,2017-11-22,37.11,37.76,36.99,37.28
VTRS,2017-11-24,37.17,37.57,36.89,37.37
VTRS,2017-11-27,37.26,37.28,36.12,36.46
VTRS,2017-11-28,36.52,37.19,35.92,36.88
VTRS,2017-11-29,36.82,37.6,36.75,36.86
VTRS,2017-11-30,36.85,36.99,36.31,36.53
VTRS,2017-12-01,36.97,38.62,36.95,38.12
VTRS,2017-12-04,38.47,38.6,37.4,37.44
VTRS,2017-12-05,37.21,37.8,36.54,37.41
VTRS,2017-12-06,37.1,37.43,36.59,36.99
VTRS,2017-12-07,36.72,37.51,36.06,37.37
VTRS,2017-12-08,37.56,39.21,37.37,38.67
VTRS,2017-12-11,38.57,39.75,38.36,39.49
VTRS,2017-12-12,39.25,40.18,39.01,39.29
VTRS,2017-12-13,39.35,39.99,39.11,39.53
VTRS,2017-12-14,39.8,41.59,39.75,40.01
VTRS,2017-12-15,40.32,40.78,39.21,40.52
VTRS,2017-12-18,40.57,42.09,40.51,41.67
VTRS,2017-12-19,41.47,41.98,41.2,41.24
VTRS,2017-12-20,41.34,41.78,41.17,41.22
VTRS,2017-12-21,41.17,42.18,41.05,41.96
VTRS,2017-12-22,41.92,42.2,41.73,42.05
VTRS,2017-12-26,42.12,42.53,42.03,42.27
VTRS,2017-12-27,42.15,42.24,41.84,42.0
VTRS,2017-12-28,42.0,42.14,41.59,41.86
VTRS,2017-12-29,42.0,42.53,41.86,42.31
VTRS,2018-01-02,42.35,43.77,42.28,43.11
VTRS,2018-01-03,42.85,43.47,42.67,43.14
VTRS,2018-01-04,43.34,44.86,42.92,44.31
VTRS,2018-01-05,44.59,44.97,44.21,44.54
VTRS,2018-01-08,44.5,45.01,44.12,44.56
VTRS,2018-01-09,44.6,45.6,44.21,44.29
VTRS,2018-01-10,44.42,44.79,43.44,44.39
VTRS,2018-01-11,44.91,46.76,44.91,46.71
VTRS,2018-01-12,46.7,47.19,46.24,46.9
VTRS,2018-01-16,46.7,47.25,46.6,46.64
VTRS,2018-01-17,46.45,47.04,46.37,46.78
VTRS,2018-01-18,46.32,46.63,45.69,46.51
VTRS,2018-01-19,46.59,46.96,45.05,46.73
VTRS,2018-01-22,46.72,47.69,46.6,47.64
VTRS,2018-01-23,47.47,47.82,46.83,46.85
VTRS,2018-01-24,46.97,47.17,45.63,46.12
VTRS,2018-01-25,46.42,46.78,45.8,45.99
VTRS,2018-01-26,46.2,46.59,46.02,46.2
VTRS,2018-01-29,45.8,46.64,45.73,45.98
VTRS,2018-01-30,44.6,44.7,43.88,44.02
VTRS,2018-01-31,43.88,44.19,42.51,42.85
VTRS,2018-02-01,42.65,43.5,42.35,43.05
VTRS,2018-02-02,42.63,43.01,41.85,42.1
VTRS,2018-02-05,41.61,41.84,39.9,40.33
VTRS,2018-02-06,39.7,41.59,39.55,40.98
VTRS,2018-02-07,40.52,41.08,39.95,40.45
VTRS,2018-02-08,40.67,41.34,39.22,39.25
VTRS,2018-02-09,39.27,39.73,38.1,39.28
VTRS,2018-02-12,39.6,41.47,39.59,40.6
VTRS,2018-02-13,40.29,40.98,40.11,40.41
VTRS,2018-02-14,40.17,41.59,39.99,41.34
VTRS,2018-02-15,41.87,41.95,40.88,41.65
VTRS,2018-02-16,41.75,42.46,41.71,42.14
VTRS,2018-02-20,42.12,42.16,40.82,41.34
VTRS,2018-02-21,41.38,42.03,40.91,41.21
VTRS,2018-02-22,41.49,42.04,41.06,41.28
VTRS,2018-02-23,41.69,42.0,41.16,41.45
VTRS,2018-02-26,41.57,41.89,40.91,41.78
VTRS,2018-02-27,41.75,41.96,40.87,41.11
VTRS,2018-02-28,41.43,41.43,40.3,40.32
VTRS,2018-03-01,41.6,43.04,40.66,40.69
VTRS,2018-03-02,40.35,41.2,39.55,40.97
VTRS,2018-03-05,40.55,41.78,40.17,41.54
VTRS,2018-03-06,43.09,44.18,42.5,43.23
VTRS,2018-03-07,42.94,43.21,42.31,42.49
VTRS,2018-03-08,42.54,42.88,41.78,42.01
VTRS,2018-03-09,42.43,42.56,41.8,42.51
VTRS,2018-03-12,42.76,43.08,42.37,42.78
VTRS,2018-03-13,43.04,43.32,42.21,42.35
VTRS,2018-03-14,42.52,42.69,41.57,42.02
VTRS,2018-03-15,42.18,42.32,41.59,41.67
VTRS,2018-03-16,41.79,42.4,41.65,41.73
VTRS,2018-03-19,41.55,41.7,40.38,40.8
VTRS,2018-03-20,40.82,41.08,40.02,40.41
VTRS,2018-03-21,40.42,41.48,40.14,41.16
VTRS,2018-03-22,40.62,41.0,39.79,39.87
VTRS,2018-03-23,39.92,40.04,38.8,38.87
VTRS,2018-03-26,39.52,39.96,38.58,39.86
VTRS,2018-03-27,40.13,40.25,39.36,39.53
VTRS,2018-03-28,40.01,40.71,39.76,40.5
VTRS,2018-03-29,40.58,41.45,40.27,41.17
VTRS,2018-04-02,40.86,40.87,39.15,39.54
VTRS,2018-04-03,39.93,40.61,39.39,40.39
VTRS,2018-04-04,39.91,40.95,39.7,40.8
VTRS,2018-04-05,40.93,40.99,40.26,40.45
VTRS,2018-04-06,40.28,40.61,39.07,39.52
VTRS,2018-04-09,39.79,40.68,39.35,39.85
VTRS,2018-04-10,40.42,41.94,40.4,41.52
VTRS,2018-04-11,41.13,41.88,39.47,40.39
VTRS,2018-04-12,40.79,41.56,40.55,41.26
VTRS,2018-04-13,41.0,41.01,39.74,40.62
VTRS,2018-04-16,41.02,41.36,40.41,40.72
VTRS,2018-04-17,40.91,41.07,40.67,40.98
VTRS,2018-04-18,41.11,41.23,40.41,40.74
VTRS,2018-04-19,40.82,41.24,40.34,40.81
VTRS,2018-04-20,40.72,40.99,40.43,40.72
VTRS,2018-04-23,40.79,40.99,40.5,40.78
VTRS,2018-04-24,40.9,41.2,39.85,40.25
VTRS,2018-04-25,40.08,40.15,38.44,38.94
VTRS,2018-04-26,39.1,39.64,38.57,39.5
VTRS,2018-04-27,39.46,39.91,39.21,39.34
VTRS,2018-04-30,39.47,39.79,38.75,38.76
VTRS,2018-05-01,38.56,39.09,38.37,38.78
VTRS,2018-05-02,38.63,38.65,36.67,36.77
VTRS,2018-05-03,36.78,37.25,34.95,36.05
VTRS,2018-05-04,35.38,36.07,35.38,35.98
VTRS,2018-05-07,36.1,36.47,35.76,36.11
VTRS,2018-05-08,36.0,36.16,35.12,35.37
VTRS,2018-05-09,35.61,37.18,35.4,36.72
VTRS,2018-05-10,36.69,38.24,36.54,37.9
VTRS,2018-05-11,37.89,38.58,37.6,38.41
VTRS,2018-05-14,38.32,38.88,38.0,38.26
VTRS,2018-05-15,38.09,38.7,37.91,38.5
VTRS,2018-05-16,38.46,39.24,38.3,39.18
VTRS,2018-05-17,39.2,40.46,39.03,40.08
VTRS,2018-05-18,40.26,40.26,39.55,39.66
VTRS,2018-05-21,39.82,40.13,39.34,39.55
VTRS,2018-05-22,39.74,40.07,39.13,39.21
VTRS,2018-05-23,38.97,39.71,38.84,39.63
VTRS,2018-05-24,39.62,39.89,38.94,39.33
VTRS,2018-05-25,39.37,39.89,39.19,39.38
VTRS,2018-05-29,38.95,39.2,38.39,38.68
VTRS,2018-05-30,38.93,39.7,38.73,39.48
VTRS,2018-05-31,39.29,39.39,38.29,38.46
VTRS,2018-06-01,38.82,39.81,38.51,38.84
VTRS,2018-06-04,39.05,39.19,38.3,38.5
VTRS,2018-06-05,40.5,41.6,39.95,39.98
VTRS,2018-06-06,40.01,40.75,39.35,40.48
VTRS,2018-06-07,40.58,41.28,40.54,41.01
VTRS,2018-06-08,41.01,41.53,40.88,41.36
VTRS,2018-06-11,41.35,42.3,41.3,41.77
VTRS,2018-06-12,41.77,42.07,41.61,41.86
VTRS,2018-06-13,42.04,42.5,41.64,41.67
VTRS,2018-06-14,40.87,40.99,38.8,39.51
VTRS,2018-06-15,39.7,39.86,38.74,39.0
VTRS,2018-06-18,38.68,38.92,37.96,38.58
VTRS,2018-06-19,38.05,38.78,37.93,38.73
VTRS,2018-06-20,38.82,39.12,38.56,38.87
VTRS,2018-06-21,38.93,39.02,38.33,38.63
VTRS,2018-06-22,38.95,38.99,38.1,38.31
VTRS,2018-06-25,38.29,38.44,37.42,38.11
VTRS,2018-06-26,38.06,38.75,37.95,38.29
VTRS,2018-06-27,38.18,38.49,37.38,37.45
VTRS,2018-06-28,37.27,37.27,35.89,36.33
VTRS,2018-06-29,36.5,36.76,36.09,36.14
VTRS,2018-07-02,36.03,36.75,35.56,36.63
VTRS,2018-07-03,36.71,36.97,35.84,35.96
VTRS,2018-07-05,36.14,36.61,35.81,36.28
VTRS,2018-07-06,36.48,36.92,36.12,36.63
VTRS,2018-07-09,36.79,37.4,36.75,37.11
VTRS,2018-07-10,37.21,37.27,36.52,36.67
VTRS,2018-07-11,36.53,36.53,36.02,36.15
VTRS,2018-07-12,36.41,36.52,36.07,36.22
VTRS,2018-07-13,36.17,36.74,36.12,36.58
VTRS,2018-07-16,36.54,36.54,36.24,36.4
VTRS,2018-07-17,36.11,36.58,36.02,36.37
VTRS,2018-07-18,36.37,36.37,35.82,35.92
VTRS,2018-07-19,35.81,35.92,35.21,35.64
VTRS,2018-07-20,35.61,36.02,35.4,35.53
VTRS,2018-07-23,35.41,35.87,35.32,35.68
VTRS,2018-07-24,35.71,36.47,35.65,36.29
VTRS,2018-07-25,36.34,36.71,36.11,36.58
VTRS,2018-07-26,36.71,36.9,36.01,36.1
VTRS,2018-07-27,36.2,36.56,35.95,36.22
VTRS,2018-07-30,36.19,36.79,36.1,36.66
VTRS,2018-07-31,36.76,37.84,36.5,37.31
VTRS,2018-08-01,37.23,37.95,36.98,37.5
VTRS,2018-08-02,37.09,37.2,36.33,36.52
VTRS,2018-08-03,36.69,38.79,36.53,38.45
VTRS,2018-08-06,38.44,38.49,37.35,37.73
VTRS,2018-08-07,37.78,38.94,37.74,38.54
VTRS,2018-08-08,36.5,39.57,35.05,39.23
VTRS,2018-08-09,38.56,38.73,36.47,36.61
VTRS,2018-08-10,36.51,37.51,36.36,37.21
VTRS,2018-08-13,37.84,39.52,37.24,37.54
VTRS,2018-08-14,37.59,38.84,37.43,38.52
VTRS,2018-08-15,38.19,38.46,37.72,37.82
VTRS,2018-08-16,37.84,38.09,37.31,37.85
VTRS,2018-08-17,37.7,38.4,37.62,38.15
VTRS,2018-08-20,38.16,38.8,38.16,38.41
VTRS,2018-08-21,38.34,38.98,38.06,38.75
VTRS,2018-08-22,38.65,38.85,38.42,38.57
VTRS,2018-08-23,38.39,38.52,37.71,37.86
VTRS,2018-08-24,38.8,38.85,38.29,38.69
VTRS,2018-08-27,38.79,39.09,38.66,38.88
VTRS,2018-08-28,38.8,39.33,38.53,39.19
VTRS,2018-08-29,38.99,39.4,38.7,39.27
VTRS,2018-08-30,39.12,39.55,39.07,39.33
VTRS,2018-08-31,39.2,39.48,38.86,39.13
VTRS,2018-09-04,39.02,39.26,38.75,39.16
VTRS,2018-09-05,39.12,39.49,38.75,39.48
VTRS,2018-09-06,39.34,39.48,38.78,38.93
VTRS,2018-09-07,38.72,38.72,37.98,38.24
VTRS,2018-09-10,38.42,38.61,37.86,37.99
VTRS,2018-09-11,37.86,37.97,37.29,37.64
VTRS,2018-09-12,37.72,37.95,37.41,37.71
VTRS,2018-09-13,37.88,38.34,37.63,38.04
VTRS,2018-09-14,37.92,37.97,37.27,37.48
VTRS,2018-09-17,37.65,37.95,37.08,37.21
VTRS,2018-09-18,37.19,38.06,37.1,37.81
VTRS,2018-09-19,37.99,38.92,37.94,38.24
VTRS,2018-09-20,38.36,38.89,38.21,38.73
VTRS,2018-09-21,39.2,39.59,38.59,38.99
VTRS,2018-09-24,38.7,39.12,37.78,38.19
VTRS,2018-09-25,38.19,38.41,37.58,37.62
VTRS,2018-09-26,37.55,37.96,37.02,37.11
VTRS,2018-09-27,37.01,37.6,36.91,37.07
VTRS,2018-09-28,37.06,37.25,36.26,36.6
VTRS,2018-10-01,36.83,37.25,36.38,36.48
VTRS,2018-10-02,36.41,37.61,36.3,37.14
VTRS,2018-10-03,37.33,37.44,36.57,36.6
VTRS,2018-10-04,36.42,36.68,35.53,36.03
VTRS,2018-10-05,35.58,35.88,34.77,35.29
VTRS,2018-10-08,35.15,35.58,34.98,35.31
VTRS,2018-10-09,34.5,35.18,33.09,34.61
VTRS,2018-10-10,34.5,35.24,34.33,34.58
VTRS,2018-10-11,34.48,34.48,32.26,32.6
VTRS,2018-10-12,33.07,33.23,31.54,32.11
VTRS,2018-10-15,32.11,32.81,31.88,32.37
VTRS,2018-10-16,32.66,33.25,32.41,33.11
VTRS,2018-10-17,32.81,33.3,32.56,33.02
VTRS,2018-10-18,33.0,33.15,32.19,32.42
VTRS,2018-10-19,32.52,33.09,32.15,32.21
VTRS,2018-10-22,32.28,32.45,31.37,31.66
VTRS,2018-10-23,31.25,32.48,30.76,32.11
VTRS,2018-10-24,32.11,32.45,30.44,30.53
VTRS,2018-10-25,30.54,31.05,30.33,31.01
VTRS,2018-10-26,30.61,31.98,30.35,31.29
VTRS,2018-10-29,31.61,31.83,30.66,31.18
VTRS,2018-10-30,31.13,31.71,30.76,31.31
VTRS,2018-10-31,31.57,31.8,31.12,31.25
VTRS,2018-11-01,31.41,32.59,31.31,32.43
VTRS,2018-11-02,32.56,32.79,31.33,31.68
VTRS,2018-11-05,31.66,31.85,31.03,31.37
VTRS,2018-11-06,34.86,37.56,34.75,36.43
VTRS,2018-11-07,36.85,36.85,35.93,36.55
VTRS,2018-11-08,36.21,37.31,35.78,37.15
VTRS,2018-11-09,36.92,37.06,36.43,36.95
VTRS,2018-11-12,36.94,36.94,35.82,35.94
VTRS,2018-11-13,36.11,36.46,35.68,35.76
VTRS,2018-11-14,35.87,36.09,34.02,34.23
VTRS,2018-11-15,34.38,35.22,34.03,35.14
VTRS,2018-11-16,34.94,35.45,34.72,34.92
VTRS,2018-11-19,34.85,35.16,34.32,34.6
VTRS,2018-11-20,34.5,35.07,33.44,33.91
VTRS,2018-11-21,33.8,33.99,33.03,33.38
VTRS,2018-11-23,33.17,33.8,32.9,33.49
VTRS,2018-11-26,33.79,33.88,33.34,33.47
VTRS,2018-11-27,33.27,33.59,33.03,33.49
VTRS,2018-11-28,33.51,34.04,33.03,34.04
VTRS,2018-11-29,33.83,34.45,33.61,34.04
VTRS,2018-11-30,34.13,34.46,33.33,33.86
VTRS,2018-12-03,34.19,34.46,33.44,34.1
VTRS,2018-12-04,34.14,34.35,32.71,32.96
VTRS,2018-12-06,32.49,32.69,31.39,31.84
VTRS,2018-12-07,31.82,32.0,30.45,30.55
VTRS,2018-12-10,30.49,30.51,29.1,30.3
VTRS,2018-12-11,30.61,30.76,29.31,29.62
VTRS,2018-12-12,30.05,30.69,30.0,30.41
VTRS,2018-12-13,30.51,30.72,29.83,30.04
VTRS,2018-12-14,29.67,29.96,28.97,29.05
VTRS,2018-12-17,29.1,29.42,28.65,28.84
VTRS,2018-12-18,28.98,29.39,28.5,28.83
VTRS,2018-12-19,28.93,29.09,27.59,27.72
VTRS,2018-12-20,27.58,27.82,26.86,27.36
VTRS,2018-12-21,27.44,27.86,26.18,26.46
VTRS,2018-12-24,26.36,26.82,26.03,26.21
VTRS,2018-12-26,26.54,27.76,26.09,27.71
VTRS,2018-12-27,27.19,27.44,26.3,27.43
VTRS,2018-12-28,27.48,27.78,27.14,27.27
VTRS,2018-12-31,27.31,27.58,26.98,27.4
VTRS,2019-01-02,26.91,28.16,26.87,27.92
VTRS,2019-01-03,27.83,28.18,27.17,27.23
VTRS,2019-01-04,27.67,28.88,27.55,28.84
VTRS,2019-01-07,28.78,30.13,28.65,29.75
VTRS,2019-01-08,29.99,30.45,29.64,29.87
VTRS,2019-01-09,29.91,29.99,28.36,28.94
VTRS,2019-01-10,28.85,29.2,28.63,29.11
VTRS,2019-01-11,28.89,29.58,28.81,29.55
VTRS,2019-01-14,29.24,29.71,29.01,29.51
VTRS,2019-01-15,29.52,29.75,29.17,29.35
VTRS,2019-01-16,29.34,29.63,29.17,29.26
VTRS,2019-01-17,29.12,29.55,28.75,29.55
VTRS,2019-01-18,29.76,29.94,29.28,29.59
VTRS,2019-01-22,29.26,29.26,28.35,28.89
VTRS,2019-01-23,28.45,28.89,28.02,28.06
VTRS,2019-01-24,28.06,28.45,27.76,28.21
VTRS,2019-01-25,28.65,29.25,28.49,29.04
VTRS,2019-01-28,28.75,28.9,28.39,28.53
VTRS,2019-01-29,28.46,28.87,28.35,28.77
VTRS,2019-01-30,28.73,30.94,28.51,30.82
VTRS,2019-01-31,30.81,30.99,29.68,29.95
VTRS,2019-02-01,30.02,30.84,30.0,30.76
VTRS,2019-02-04,30.6,30.84,30.23,30.83
VTRS,2019-02-05,30.79,31.3,30.69,31.08
VTRS,2019-02-06,30.95,31.21,30.83,30.97
VTRS,2019-02-07,30.85,31.08,30.23,30.35
VTRS,2019-02-08,30.18,30.48,29.85,30.47
VTRS,2019-02-11,30.53,31.09,30.48,31.04
VTRS,2019-02-12,31.47,31.83,31.29,31.74
VTRS,2019-02-13,31.04,32.05,30.72,31.25
VTRS,2019-02-14,31.23,31.74,31.01,31.52
VTRS,2019-02-15,31.91,31.91,31.59,31.84
VTRS,2019-02-19,31.91,32.1,31.71,32.1
VTRS,2019-02-20,31.96,32.23,31.52,31.62
VTRS,2019-02-21,31.57,31.74,30.9,31.06
VTRS,2019-02-22,31.08,31.38,30.98,31.26
VTRS,2019-02-25,31.51,31.75,30.9,30.97
VTRS,2019-02-26,30.99,31.58,30.53,30.62
VTRS,2019-02-27,27.38,29.06,26.0,26.01
VTRS,2019-02-28,26.15,26.78,26.05,26.39
VTRS,2019-03-01,26.58,27.55,26.45,27.45
VTRS,2019-03-04,27.38,28.56,27.35,28.08
VTRS,2019-03-05,28.03,28.24,27.15,27.39
VTRS,2019-03-06,28.11,28.57,27.05,27.06
VTRS,2019-03-07,27.03,27.19,26.63,26.82
VTRS,2019-03-08,26.61,26.86,26.35,26.61
VTRS,2019-03-11,26.69,27.37,26.62,27.16
VTRS,2019-03-12,27.27,27.65,27.24,27.37
VTRS,2019-03-13,27.47,27.63,27.18,27.47
VTRS,2019-03-14,27.63,28.55,27.29,28.0
VTRS,2019-03-15,28.0,28.21,27.57,28.09
VTRS,2019-03-18,28.09,28.55,27.93,28.18
VTRS,2019-03-19,28.28,28.8,28.19,28.62
VTRS,2019-03-20,28.72,29.09,28.54,28.71
VTRS,2019-03-21,28.57,29.3,28.48,29.25
VTRS,2019-03-22,29.02,29.12,28.32,28.69
VTRS,2019-03-25,28.67,28.67,27.94,28.32
VTRS,2019-03-26,28.38,28.83,27.97,28.18
VTRS,2019-03-27,28.19,28.59,27.83,28.25
VTRS,2019-03-28,28.16,28.44,27.95,28.24
VTRS,2019-03-29,28.29,28.56,28.15,28.34
VTRS,2019-04-01,28.63,28.88,28.39,28.47
VTRS,2019-04-02,28.46,28.51,27.54,27.61
VTRS,2019-04-03,27.69,27.72,26.62,26.98
VTRS,2019-04-04,27.01,27.64,27.01,27.42
VTRS,2019-04-05,27.47,27.82,27.46,27.63
VTRS,2019-04-08,27.57,27.85,27.31,27.77
VTRS,2019-04-09,27.63,27.71,27.07,27.12
VTRS,2019-04-10,27.09,27.34,26.97,27.22
VTRS,2019-04-11,27.19,27.43,26.85,27.01
VTRS,2019-04-12,27.04,27.41,26.8,26.97
VTRS,2019-04-15,26.99,27.1,26.59,26.93
VTRS,2019-04-16,27.18,27.27,26.82,27.07
VTRS,2019-04-17,27.25,27.25,26.44,26.73
VTRS,2019-04-18,26.83,27.18,26.57,26.85
VTRS,2019-04-22,26.7,26.86,26.46,26.72
VTRS,2019-04-23,26.72,27.08,26.42,26.6
VTRS,2019-04-24,26.67,26.79,26.33,26.44
VTRS,2019-04-25,26.35,26.79,26.07,26.68
VTRS,2019-04-26,26.76,27.07,26.51,27.04
VTRS,2019-04-29,27.07,27.36,26.89,27.25
VTRS,2019-04-30,27.32,27.52,26.81,26.99
VTRS,2019-05-01,26.95,27.5,26.86,27.07
VTRS,2019-05-02,27.11,27.91,27.11,27.68
VTRS,2019-05-03,27.7,28.15,27.7,28.01
VTRS,2019-05-06,27.62,28.46,27.38,28.26
VTRS,2019-05-07,26.7,26.95,21.52,21.53
VTRS,2019-05-08,21.59,22.49,21.23,21.89
VTRS,2019-05-09,21.8,23.19,21.62,22.76
VTRS,2019-05-10,22.62,22.98,21.76,22.17
VTRS,2019-05-13,21.29,21.44,19.73,20.08
VTRS,2019-05-14,20.12,20.58,20.12,20.41
VTRS,2019-05-15,20.15,20.19,19.4,20.05
VTRS,2019-05-16,20.12,20.51,19.89,20.21
VTRS,2019-05-17,20.04,20.07,19.63,19.64
VTRS,2019-05-20,19.64,19.77,19.14,19.42
VTRS,2019-05-21,19.51,19.97,19.45,19.67
VTRS,2019-05-22,19.52,19.75,19.15,19.65
VTRS,2019-05-23,19.46,19.54,18.93,19.17
VTRS,2019-05-24,19.25,19.48,18.93,18.98
VTRS,2019-05-28,18.9,18.92,17.71,17.87
VTRS,2019-05-29,17.76,18.09,17.25,18.0
VTRS,2019-05-30,17.98,18.24,17.13,17.21
VTRS,2019-05-31,17.11,17.17,16.63,16.8
VTRS,2019-06-03,16.91,17.46,16.9,17.19
VTRS,2019-06-04,17.46,18.01,17.45,17.82
VTRS,2019-06-05,17.93,18.13,17.31,17.77
VTRS,2019-06-06,17.76,17.9,17.32,17.45
VTRS,2019-06-07,17.55,17.68,17.2,17.4
VTRS,2019-06-10,17.49,17.91,17.41,17.57
VTRS,2019-06-11,17.98,18.06,17.48,17.51
VTRS,2019-06-12,17.46,17.54,16.91,17.16
VTRS,2019-06-13,17.2,17.39,17.03,17.38
VTRS,2019-06-14,17.41,17.51,16.91,17.02
VTRS,2019-06-17,17.04,17.59,16.96,17.27
VTRS,2019-06-18,17.5,17.96,17.27,17.75
VTRS,2019-06-19,17.91,18.45,17.75,18.1
VTRS,2019-06-20,18.4,18.65,18.08,18.21
VTRS,2019-06-21,18.34,18.35,17.74,18.32
VTRS,2019-06-24,18.41,18.43,17.77,17.96
VTRS,2019-06-25,18.31,18.78,18.14,18.65
VTRS,2019-06-26,18.74,18.84,18.5,18.66
VTRS,2019-06-27,18.76,19.23,18.69,18.97
VTRS,2019-06-28,19.1,19.15,18.89,19.04
VTRS,2019-07-01,19.34,19.64,19.27,19.44
VTRS,2019-07-02,19.53,19.62,19.14,19.35
VTRS,2019-07-03,19.49,19.74,19.41,19.68
VTRS,2019-07-05,19.67,19.78,19.27,19.49
VTRS,2019-07-08,19.41,19.54,19.02,19.27
VTRS,2019-07-09,19.2,19.68,18.85,19.62
VTRS,2019-07-10,19.1,19.19,18.55,19.13
VTRS,2019-07-11,19.1,19.34,18.66,19.04
VTRS,2019-07-12,19.11,19.38,18.86,19.22
VTRS,2019-07-15,19.05,19.18,18.87,18.97
VTRS,2019-07-16,18.96,19.0,18.4,18.43
VTRS,2019-07-17,18.45,18.45,17.71,17.91
VTRS,2019-07-18,17.83,17.96,17.63,17.85
VTRS,2019-07-19,17.86,18.25,17.66,18.1
VTRS,2019-07-22,18.14,18.23,17.77,18.05
VTRS,2019-07-23,18.18,18.38,18.02,18.34
VTRS,2019-07-24,18.31,18.97,18.3,18.91
VTRS,2019-07-25,18.96,18.97,18.3,18.44
VTRS,2019-07-26,18.52,18.62,18.37,18.46
VTRS,2019-07-29,20.95,21.88,19.7,20.78
VTRS,2019-07-30,20.71,21.7,20.58,21.43
VTRS,2019-07-31,21.44,21.44,20.62,20.9
VTRS,2019-08-01,20.8,21.19,20.05,20.32
VTRS,2019-08-02,20.36,20.45,19.65,19.84
VTRS,2019-08-05,19.53,19.68,19.09,19.35
VTRS,2019-08-06,19.47,19.48,17.66,18.2
VTRS,2019-08-07,17.88,18.6,17.31,18.49
VTRS,2019-08-08,18.43,19.1,18.08,19.09
VTRS,2019-08-09,19.05,19.62,18.83,19.48
VTRS,2019-08-12,19.24,19.45,19.05,19.13
VTRS,2019-08-13,19.11,19.75,18.93,19.72
VTRS,2019-08-14,19.38,19.43,17.96,18.04
VTRS,2019-08-15,18.23,18.25,17.58,17.61
VTRS,2019-08-16,17.88,18.61,17.68,18.53
VTRS,2019-08-19,18.77,19.42,18.77,19.19
VTRS,2019-08-20,19.18,19.81,18.99,19.09
VTRS,2019-08-21,19.19,19.35,18.87,19.09
VTRS,2019-08-22,19.09,19.37,18.92,19.04
VTRS,2019-08-23,18.89,19.1,18.26,18.34
VTRS,2019-08-26,18.54,18.9,18.44,18.79
VTRS,2019-08-27,19.01,19.01,18.37,18.67
VTRS,2019-08-28,18.51,19.26,18.49,19.15
VTRS,2019-08-29,19.35,19.99,19.3,19.9
VTRS,2019-08-30,20.07,20.08,19.31,19.47
VTRS,2019-09-03,19.27,19.58,18.71,19.27
VTRS,2019-09-04,19.59,20.9,19.29,19.74
VTRS,2019-09-05,19.94,20.31,19.72,20.22
VTRS,2019-09-06,20.28,20.53,19.85,20.52
VTRS,2019-09-09,20.57,21.22,20.45,21.19
VTRS,2019-09-10,21.0,21.89,20.91,21.88
VTRS,2019-09-11,21.86,22.56,21.59,22.53
VTRS,2019-09-12,22.56,22.57,21.68,22.24
VTRS,2019-09-13,22.47,22.9,21.66,21.69
VTRS,2019-09-16,21.43,22.05,21.43,21.8
VTRS,2019-09-17,21.55,21.79,21.06,21.43
VTRS,2019-09-18,21.37,21.54,21.05,21.29
VTRS,2019-09-19,21.32,21.45,20.91,21.0
VTRS,2019-09-20,20.61,21.39,20.6,21.0
VTRS,2019-09-23,20.96,21.17,20.63,20.86
VTRS,2019-09-24,20.72,20.75,19.42,19.93
VTRS,2019-09-25,19.87,20.32,19.8,20.12
VTRS,2019-09-26,20.18,20.18,19.51,19.76
VTRS,2019-09-27,19.74,20.02,19.11,19.29
VTRS,2019-09-30,19.27,19.87,19.03,19.78
VTRS,2019-10-01,19.77,20.22,18.81,18.83
VTRS,2019-10-02,18.8,18.8,18.1,18.53
VTRS,2019-10-03,18.56,18.87,18.28,18.83
VTRS,2019-10-04,18.82,19.16,18.57,18.91
VTRS,2019-10-07,18.7,19.18,18.6,18.84
VTRS,2019-10-08,18.64,18.74,18.29,18.38
VTRS,2019-10-09,18.58,18.66,18.36,18.43
VTRS,2019-10-10,18.44,18.84,18.32,18.47
VTRS,2019-10-11,18.79,19.16,18.66,18.9
VTRS,2019-10-14,18.74,18.9,18.44,18.52
VTRS,2019-10-15,18.52,19.03,18.48,18.83
VTRS,2019-10-16,18.98,19.18,18.62,18.74
VTRS,2019-10-17,18.8,19.06,18.72,18.88
VTRS,2019-10-18,18.88,18.92,18.27,18.33
VTRS,2019-10-21,18.49,18.51,18.11,18.15
VTRS,2019-10-22,18.31,18.47,18.03,18.31
VTRS,2019-10-23,18.33,18.69,18.01,18.52
VTRS,2019-10-24,18.61,18.61,18.03,18.25
VTRS,2019-10-25,18.25,18.8,18.15,18.7
VTRS,2019-10-28,18.75,19.27,18.72,18.97
VTRS,2019-10-29,19.16,19.7,18.77,19.59
VTRS,2019-10-30,19.49,19.58,19.22,19.41
VTRS,2019-10-31,19.43,19.43,18.89,19.15
VTRS,2019-11-01,19.33,19.97,19.23,19.68
VTRS,2019-11-04,19.99,20.07,19.68,19.74
VTRS,2019-11-05,19.9,20.39,17.75,17.79
VTRS,2019-11-06,17.84,17.93,17.08,17.17
VTRS,2019-11-07,17.21,17.42,16.97,17.01
VTRS,2019-11-08,16.96,17.63,16.79,17.61
VTRS,2019-11-11,17.43,17.57,17.0,17.24
VTRS,2019-11-12,17.5,17.78,17.17,17.53
VTRS,2019-11-13,17.49,17.49,17.15,17.27
VTRS,2019-11-14,17.15,17.33,16.87,17.26
VTRS,2019-11-15,17.36,17.83,17.25,17.7
VTRS,2019-11-18,17.72,17.81,17.16,17.23
VTRS,2019-11-19,17.33,17.43,17.16,17.27
VTRS,2019-11-20,17.13,17.53,17.06,17.24
VTRS,2019-11-21,17.27,17.64,17.02,17.37
VTRS,2019-11-22,17.51,17.65,17.23,17.34
VTRS,2019-11-25,17.51,18.18,17.5,18.06
VTRS,2019-11-26,17.99,18.36,17.82,18.3
VTRS,2019-11-27,18.32,18.78,18.25,18.78
VTRS,2019-11-29,18.56,18.98,18.56,18.78
VTRS,2019-12-02,18.9,19.01,18.62,18.66
VTRS,2019-12-03,18.51,18.62,18.16,18.53
VTRS,2019-12-04,18.53,19.0,18.53,18.88
VTRS,2019-12-05,19.05,19.07,18.64,18.9
VTRS,2019-12-06,19.02,19.35,19.01,19.29
VTRS,2019-12-09,19.28,19.34,19.0,19.02
VTRS,2019-12-10,19.06,19.08,18.57,18.7
VTRS,2019-12-11,18.73,18.95,18.63,18.81
VTRS,2019-12-12,18.8,19.7,18.71,19.68
VTRS,2019-12-13,19.64,19.78,19.11,19.14
VTRS,2019-12-16,19.34,19.61,19.01,19.03
VTRS,2019-12-17,18.97,19.0,18.58,18.83
VTRS,2019-12-18,18.9,19.03,18.65,18.87
VTRS,2019-12-19,18.97,19.44,18.85,19.38
VTRS,2019-12-20,19.41,19.95,19.28,19.79
VTRS,2019-12-23,19.74,19.95,19.4,19.92
VTRS,2019-12-24,19.87,20.09,19.81,19.84
VTRS,2019-12-26,19.81,20.16,19.52,19.58
VTRS,2019-12-27,19.55,19.84,19.52,19.72
VTRS,2019-12-30,19.66,19.8,19.38,19.43
VTRS,2019-12-31,19.36,20.14,19.23,20.1
VTRS,2020-01-02,20.1,20.65,20.05,20.65
VTRS,2020-01-03,20.33,20.5,20.1,20.2
VTRS,2020-01-06,20.2,20.91,20.12,20.87
VTRS,2020-01-07,20.91,21.23,20.58,21.17
VTRS,2020-01-08,21.22,21.45,20.72,21.22
VTRS,2020-01-09,20.96,21.27,20.61,20.93
VTRS,2020-01-10,20.99,21.15,20.74,20.85
VTRS,2020-01-13,20.92,20.94,20.43,20.78
VTRS,2020-01-14,20.69,21.34,20.68,21.2
VTRS,2020-01-15,21.05,22.4,21.02,22.05
VTRS,2020-01-16,22.25,22.34,21.76,21.97
VTRS,2020-01-17,22.02,22.17,21.56,21.66
VTRS,2020-01-21,21.67,21.8,21.5,21.65
VTRS,2020-01-22,21.54,21.89,21.54,21.79
VTRS,2020-01-23,21.64,22.28,21.39,22.14
VTRS,2020-01-24,22.35,22.35,21.51,21.85
VTRS,2020-01-27,21.04,21.48,20.88,21.16
VTRS,2020-01-28,21.56,22.05,21.53,21.84
VTRS,2020-01-29,21.83,22.59,21.83,22.1
VTRS,2020-01-30,21.87,22.11,21.61,21.92
VTRS,2020-01-31,21.74,21.89,21.24,21.42
VTRS,2020-02-03,21.54,21.96,21.5,21.62
VTRS,2020-02-04,21.97,22.39,21.83,22.26
VTRS,2020-02-05,22.6,23.06,22.51,22.85
VTRS,2020-02-06,23.06,23.11,22.47,22.85
VTRS,2020-02-07,22.8,23.0,22.45,22.77
VTRS,2020-02-10,22.67,22.93,22.54,22.62
VTRS,2020-02-11,22.68,22.84,22.23,22.35
VTRS,2020-02-12,22.64,23.1,22.09,22.16
VTRS,2020-02-13,22.09,22.15,21.29,21.64
VTRS,2020-02-14,21.73,22.1,21.49,21.9
VTRS,2020-02-18,21.79,21.88,20.98,21.28
VTRS,2020-02-19,21.28,21.36,20.79,20.9
VTRS,2020-02-20,20.84,20.98,20.67,20.93
VTRS,2020-02-21,20.84,21.31,20.68,21.15
VTRS,2020-02-24,20.43,20.92,20.06,20.31
VTRS,2020-02-25,20.5,20.68,19.63,19.9
VTRS,2020-02-26,20.08,20.29,19.21,19.54
VTRS,2020-02-27,19.24,19.5,18.35,18.68
VTRS,2020-02-28,17.82,18.09,16.57,17.19
VTRS,2020-03-02,17.23,17.72,16.79,17.48
VTRS,2020-03-03,17.71,17.75,16.25,16.29
VTRS,2020-03-04,16.62,17.04,16.11,16.83
VTRS,2020-03-05,16.25,16.57,15.86,16.03
VTRS,2020-03-06,15.45,15.53,14.65,15.4
VTRS,2020-03-09,14.26,15.16,13.82,14.38
VTRS,2020-03-10,14.84,15.13,14.0,15.08
VTRS,2020-03-11,14.58,14.98,14.21,14.47
VTRS,2020-03-12,13.28,14.06,13.05,13.26
VTRS,2020-03-13,14.1,15.12,13.57,15.05
VTRS,2020-03-16,13.0,15.48,12.75,15.04
VTRS,2020-03-17,15.48,16.78,15.05,15.57
VTRS,2020-03-18,14.52,16.06,13.25,14.18
VTRS,2020-03-19,14.11,15.47,13.63,14.87
VTRS,2020-03-20,16.16,17.0,14.94,15.25
VTRS,2020-03-23,15.95,16.48,15.04,15.74
VTRS,2020-03-24,16.4,16.86,14.2,15.14
VTRS,2020-03-25,15.0,15.44,13.53,14.93
VTRS,2020-03-26,14.88,16.2,14.88,15.54
VTRS,2020-03-27,15.17,15.39,14.28,14.88
VTRS,2020-03-30,15.21,15.38,14.43,15.07
VTRS,2020-03-31,15.07,15.8,14.84,14.91
VTRS,2020-04-01,14.59,14.87,14.03,14.26
VTRS,2020-04-02,14.11,14.52,13.6,13.92
VTRS,2020-04-03,13.85,14.36,13.68,13.74
VTRS,2020-04-06,14.14,14.65,13.76,14.04
VTRS,2020-04-07,14.38,15.1,14.04,14.37
VTRS,2020-04-08,14.57,15.26,14.45,15.14
VTRS,2020-04-09,15.45,16.54,15.45,16.08
VTRS,2020-04-13,16.23,16.24,15.55,16.06
VTRS,2020-04-14,16.3,16.49,16.05,16.35
VTRS,2020-04-15,15.76,15.85,15.13,15.46
VTRS,2020-04-16,15.54,15.66,14.79,15.5
VTRS,2020-04-17,15.9,16.18,15.56,16.11
VTRS,2020-04-20,16.14,16.25,15.52,15.86
VTRS,2020-04-21,15.65,15.73,15.11,15.13
VTRS,2020-04-22,15.33,15.42,14.78,14.91
VTRS,2020-04-23,15.12,15.58,15.06,15.3
VTRS,2020-04-24,15.41,15.78,15.3,15.76
VTRS,2020-04-27,15.87,16.25,15.78,16.14
VTRS,2020-04-28,16.49,16.9,16.24,16.44
VTRS,2020-04-29,16.7,17.54,16.56,17.32
VTRS,2020-04-30,17.1,17.25,16.59,16.77
VTRS,2020-05-01,16.66,16.67,15.88,16.13
VTRS,2020-05-04,16.11,16.56,15.74,16.52
VTRS,2020-05-05,16.6,17.11,16.53,16.57
VTRS,2020-05-06,16.66,17.18,16.56,16.86
VTRS,2020-05-07,17.18,17.54,17.11,17.32
VTRS,2020-05-08,17.68,17.78,17.3,17.57
VTRS,2020-05-11,17.73,17.85,16.88,16.95
VTRS,2020-05-12,17.09,17.48,16.16,16.23
VTRS,2020-05-13,16.46,16.46,15.45,15.54
VTRS,2020-05-14,15.38,15.58,14.92,15.22
VTRS,2020-05-15,15.07,15.3,14.8,15.16
VTRS,2020-05-18,15.6,16.61,15.59,16.46
VTRS,2020-05-19,16.46,16.46,15.84,16.05
VTRS,2020-05-20,16.22,16.35,16.09,16.32
VTRS,2020-05-21,16.2,16.34,15.72,16.0
VTRS,2020-05-22,15.97,15.97,15.44,15.64
VTRS,2020-05-26,15.93,16.35,15.91,16.14
VTRS,2020-05-27,16.4,17.2,16.08,17.16
VTRS,2020-05-28,17.29,17.49,16.85,17.25
VTRS,2020-05-29,17.15,17.37,16.62,17.07
VTRS,2020-06-01,17.01,17.83,17.0,17.62
VTRS,2020-06-02,17.46,17.7,17.25,17.48
VTRS,2020-06-03,17.53,17.75,17.46,17.54
VTRS,2020-06-04,17.32,17.7,17.26,17.7
VTRS,2020-06-05,18.15,18.72,17.54,17.67
VTRS,2020-06-08,18.0,19.24,17.89,18.78
VTRS,2020-06-09,19.0,19.02,18.22,18.45
VTRS,2020-06-10,18.44,18.45,17.19,17.32
VTRS,2020-06-11,16.81,17.0,16.24,16.3
VTRS,2020-06-12,16.71,16.91,15.65,15.94
VTRS,2020-06-15,15.45,16.12,15.29,15.9
VTRS,2020-06-16,16.38,16.6,15.88,16.13
VTRS,2020-06-17,16.53,16.6,15.89,15.97
VTRS,2020-06-18,16.84,17.02,16.2,16.33
VTRS,2020-06-19,16.62,16.77,15.99,16.16
VTRS,2020-06-22,16.08,16.5,15.84,16.46
VTRS,2020-06-23,16.53,16.63,16.04,16.24
VTRS,2020-06-24,15.99,16.2,15.64,16.02
VTRS,2020-06-25,15.93,16.41,15.76,16.38
VTRS,2020-06-26,16.29,16.35,15.55,15.89
VTRS,2020-06-29,16.0,16.2,15.78,15.99
VTRS,2020-06-30,15.97,16.16,15.63,16.08
VTRS,2020-07-01,16.02,16.27,15.7,15.76
VTRS,2020-07-02,16.0,16.16,15.76,15.93
VTRS,2020-07-06,16.1,16.57,15.98,16.54
VTRS,2020-07-07,16.33,16.55,15.95,16.11
VTRS,2020-07-08,16.07,16.26,15.88,16.19
VTRS,2020-07-09,16.18,16.32,15.79,15.88
VTRS,2020-07-10,15.83,16.14,15.67,16.1
VTRS,2020-07-13,16.26,16.49,15.97,16.13
VTRS,2020-07-14,16.31,16.54,16.09,16.52
VTRS,2020-07-15,16.67,17.09,16.67,16.98
VTRS,2020-07-16,16.87,17.01,16.67,16.84
VTRS,2020-07-17,16.95,17.31,16.7,16.81
VTRS,2020-07-20,16.75,16.9,16.53,16.65
VTRS,2020-07-21,16.65,16.82,16.31,16.37
VTRS,2020-07-22,16.42,16.8,16.41,16.57
VTRS,2020-07-23,16.52,16.6,16.02,16.08
VTRS,2020-07-24,16.02,16.12,15.76,15.96
VTRS,2020-07-27,15.86,16.26,15.72,16.22
VTRS,2020-07-28,16.47,16.59,16.13,16.16
VTRS,2020-07-29,16.04,17.12,15.87,17.0
VTRS,2020-07-30,16.69,16.69,16.3,16.33
VTRS,2020-07-31,16.3,16.36,15.88,16.11
VTRS,2020-08-03,16.16,16.47,15.95,16.36
VTRS,2020-08-04,16.42,16.57,16.25,16.32
VTRS,2020-08-05,16.42,17.13,16.23,16.9
VTRS,2020-08-06,17.26,17.69,16.15,16.42
VTRS,2020-08-07,16.21,16.42,16.01,16.36
VTRS,2020-08-10,16.36,16.57,16.27,16.36
VTRS,2020-08-11,16.6,16.86,16.56,16.64
VTRS,2020-08-12,16.7,16.81,16.07,16.18
VTRS,2020-08-13,16.23,16.55,16.05,16.14
VTRS,2020-08-14,16.0,16.3,15.91,16.19
VTRS,2020-08-17,16.23,16.52,15.95,16.25
VTRS,2020-08-18,16.38,16.41,15.99,16.19
VTRS,2020-08-19,16.23,17.03,16.16,16.51
VTRS,2020-08-20,16.33,16.45,16.09,16.34
VTRS,2020-08-21,16.36,16.44,15.85,15.99
VTRS,2020-08-24,16.04,16.36,15.97,16.33
VTRS,2020-08-25,16.49,16.54,15.93,16.03
VTRS,2020-08-26,15.97,16.47,15.88,16.31
VTRS,2020-08-27,16.32,16.46,16.15,16.18
VTRS,2020-08-28,16.16,16.26,16.06,16.23
VTRS,2020-08-31,16.2,16.51,16.01,16.38
VTRS,2020-09-01,16.3,16.34,15.42,15.5
VTRS,2020-09-02,15.5,15.89,15.33,15.71
VTRS,2020-09-03,15.76,16.2,15.35,15.46
VTRS,2020-09-04,15.64,15.92,15.39,15.81
VTRS,2020-09-08,15.81,15.91,15.53,15.64
VTRS,2020-09-09,15.69,15.73,15.06,15.25
VTRS,2020-09-10,15.27,15.44,15.02,15.06
VTRS,2020-09-11,15.15,15.62,15.05,15.33
VTRS,2020-09-14,15.46,15.84,15.29,15.77
VTRS,2020-09-15,15.87,16.23,15.7,15.95
VTRS,2020-09-16,16.02,16.22,15.4,16.0
VTRS,2020-09-17,15.86,16.22,15.61,16.16
VTRS,2020-09-18,16.16,16.19,15.61,15.73
VTRS,2020-09-21,15.45,15.46,14.61,14.78
VTRS,2020-09-22,14.75,14.95,14.49,14.82
VTRS,2020-09-23,14.82,14.88,14.31,14.37
VTRS,2020-09-24,14.29,14.43,14.02,14.21
VTRS,2020-09-25,14.11,14.48,14.09,14.42
VTRS,2020-09-28,14.64,14.84,14.57,14.64
VTRS,2020-09-29,14.63,14.9,14.54,14.57
VTRS,2020-09-30,14.6,14.99,14.59,14.83
VTRS,2020-10-01,14.84,15.22,14.71,14.8
VTRS,2020-10-02,14.64,15.16,14.59,14.89
VTRS,2020-10-05,15.06,15.33,14.97,15.09
VTRS,2020-10-06,15.17,15.3,14.83,14.87
VTRS,2020-10-07,14.96,15.21,14.85,14.91
VTRS,2020-10-08,15.08,15.76,14.92,15.72
VTRS,2020-10-09,15.87,15.97,15.47,15.64
VTRS,2020-10-12,15.82,16.0,15.67,15.98
VTRS,2020-10-13,15.72,15.85,15.45,15.59
VTRS,2020-10-14,15.58,15.87,15.53,15.55
VTRS,2020-10-15,15.39,15.75,15.26,15.74
VTRS,2020-10-16,15.82,16.08,15.58,15.71
VTRS,2020-10-19,15.73,15.81,15.39,15.42
VTRS,2020-10-20,15.66,15.81,15.25,15.31
VTRS,2020-10-21,15.08,15.53,15.08,15.14
VTRS,2020-10-22,15.21,15.73,15.08,15.6
VTRS,2020-10-23,15.75,15.8,15.44,15.69
VTRS,2020-10-26,15.51,15.52,14.87,15.05
VTRS,2020-10-27,14.77,15.04,14.42,14.46
VTRS,2020-10-28,14.24,14.37,14.02,14.3
VTRS,2020-10-29,13.2245,13.6,13.1307,13.4782
VTRS,2020-10-30,13.4879,13.9658,13.4491,13.6368
VTRS,2020-11-02,13.872,14.2001,13.6929,14.2001
VTRS,2020-11-03,14.35,14.5475,14.172,14.2001
VTRS,2020-11-04,14.35,14.5562,14.0035,14.144
VTRS,2020-11-05,14.172,14.6413,14.0501,14.2001
VTRS,2020-11-06,14.5097,14.5097,13.571,13.7413
VTRS,2020-11-09,14.3878,14.7914,14.0965,14.1817
VTRS,2020-11-10,14.2755,15.0061,14.1624,14.6694
VTRS,2020-11-11,14.7343,15.1,14.472,14.7246
VTRS,2020-11-12,14.6598,14.7246,14.3036,14.5475
VTRS,2020-11-13,14.6316,14.6598,14.3781,14.5291
VTRS,2020-11-16,14.9966,15.1281,14.4255,14.6887
VTRS,2020-11-17,14.4342,16.816,14.35,15.3265
VTRS,2020-11-18,15.4388,15.9352,14.9588,15.1862
VTRS,2020-11-19,15.0061,17.0705,14.9966,16.9853
VTRS,2020-11-20,17.2581,17.2766,15.9449,16.0669
VTRS,2020-11-23,16.1656,16.1791,15.4756,15.7291
VTRS,2020-11-24,15.6963,15.9449,15.2791,15.851
VTRS,2020-11-25,15.645,16.2353,15.523,16.0108
VTRS,2020-11-27,16.0379,16.2914,15.851,15.9924
VTRS,2020-11-30,15.9731,16.0949,15.7571,15.7755
VTRS,2020-12-01,15.8317,16.0853,15.701,15.9546
VTRS,2020-12-02,15.8839,16.1985,15.7939,16.062
VTRS,2020-12-03,16.0727,16.3853,15.8878,16.2914
VTRS,2020-12-04,16.2537,16.6001,16.1791,16.5071
VTRS,2020-12-07,16.5168,16.8827,16.4326,16.4781
VTRS,2020-12-08,16.3301,16.816,16.3253,16.7318
VTRS,2020-12-09,16.7415,16.8585,16.4143,16.4326
VTRS,2020-12-10,16.244,16.7415,16.2266,16.5905
VTRS,2020-12-11,16.4143,16.6486,16.0185,16.2633
VTRS,2020-12-14,16.2633,16.4423,16.0185,16.2537
VTRS,2020-12-15,16.3205,16.7608,16.1317,16.6292
VTRS,2020-12-16,16.5265,17.1362,16.4685,16.7512
VTRS,2020-12-17,16.6486,16.7801,16.4617,16.6195
VTRS,2020-12-18,16.6001,16.695,16.4279,16.6486
VTRS,2020-12-21,16.3205,16.4617,16.1791,16.3108
VTRS,2020-12-22,16.3485,16.7318,16.1985,16.6389
VTRS,2020-12-23,16.6446,16.9204,16.5643,16.7704
VTRS,2020-12-24,16.695,16.8082,16.574,16.6679
VTRS,2020-12-28,16.7472,16.7704,16.5265,16.6389
VTRS,2020-12-29,16.5653,16.695,16.4326,16.6486
VTRS,2020-12-30,16.5168,17.0511,16.4878,17.0047
VTRS,2020-12-31,17.0889,17.6898,16.9118,17.5776
VTRS,2021-01-04,17.5012,17.6046,17.0802,17.3889
VTRS,2021-01-05,17.3434,17.4508,16.7037,16.9756
VTRS,2021-01-06,17.0424,17.5147,16.9756,17.3434
VTRS,2021-01-07,17.3705,17.5291,17.2195,17.3705
VTRS,2021-01-08,17.2766,17.446,16.9118,17.1643
VTRS,2021-01-11,17.0705,17.5012,16.995,17.3241
VTRS,2021-01-12,17.3047,17.5108,17.0705,17.1072
VTRS,2021-01-13,17.1362,17.5485,17.0705,17.2581
VTRS,2021-01-14,17.1992,17.2156,15.7098,16.2353
VTRS,2021-01-15,16.0476,16.1317,15.6933,15.9924
VTRS,2021-01-19,16.1888,16.4685,16.0185,16.3562
VTRS,2021-01-20,16.3659,16.6098,16.2353,16.5905
VTRS,2021-01-21,16.2827,16.5265,15.7571,16.2353
VTRS,2021-01-22,16.1733,16.4326,16.0379,16.3485
VTRS,2021-01-25,16.1888,16.3205,16.062,16.1598
VTRS,2021-01-26,16.1317,16.2827,16.0185,16.0282
VTRS,2021-01-27,15.9449,16.1046,15.5782,15.8133
VTRS,2021-01-28,15.851,16.3611,15.7939,16.123
VTRS,2021-01-29,16.1791,16.4878,15.851,15.9352
VTRS,2021-02-01,16.0853,16.4878,15.9731,16.3611
VTRS,2021-02-02,16.4781,16.6486,16.2827,16.3011
VTRS,2021-02-03,16.2266,17.2389,16.2266,16.9659
VTRS,2021-02-04,16.9853,17.145,16.6098,16.8827
VTRS,2021-02-05,16.9021,16.9525,16.5459,16.785
VTRS,2021-02-08,16.873,16.9204,16.6147,16.8827
VTRS,2021-02-09,16.7415,17.3976,16.7318,17.3241
VTRS,2021-02-10,17.3792,17.5108,17.0802,17.2485
VTRS,2021-02-11,17.0889,17.295,16.9485,17.1072
VTRS,2021-02-12,16.9756,17.2581,16.9118,17.1072
VTRS,2021-02-16,17.2117,17.2485,16.9659,17.1973
VTRS,2021-02-17,17.145,17.3936,17.0424,17.3705
VTRS,2021-02-18,17.4557,17.5195,17.1169,17.1362
VTRS,2021-02-19,17.0889,17.3337,17.0327,17.0802
VTRS,2021-02-22,15.5201,15.7571,14.5291,14.5388
VTRS,2021-02-23,14.7633,14.7817,14.0035,14.2755
VTRS,2021-02-24,14.3781,14.5097,14.0132,14.35
VTRS,2021-02-25,14.3403,14.4255,13.933,14.1159
VTRS,2021-02-26,14.0035,14.0685,13.6562,13.928
VTRS,2021-03-01,14.1149,14.35,13.7075,13.8062
VTRS,2021-03-02,13.6465,13.7878,13.2575,13.4037
VTRS,2021-03-03,13.2913,13.3562,12.6903,13.0184
VTRS,2021-03-04,12.822,12.9439,12.4842,12.7456
VTRS,2021-03-05,12.8403,13.121,12.5306,13.0475
VTRS,2021-03-08,12.9062,13.179,12.8306,12.971
VTRS,2021-03-09,13.0659,13.332,12.8587,13.0475
VTRS,2021-03-10,13.179,13.3465,12.971,13.1868
VTRS,2021-03-11,13.2525,13.3368,13.0562,13.2245
VTRS,2021-03-12,13.1964,13.4926,13.12,13.4685
VTRS,2021-03-15,13.3843,13.7733,13.3465,13.7587
VTRS,2021-03-16,13.7587,13.8149,13.5477,13.6281
VTRS,2021-03-17,13.5342,14.1624,13.5246,14.144
VTRS,2021-03-18,14.0404,14.0965,13.6,13.6842
VTRS,2021-03-19,13.75,13.9561,13.6261,13.8633
VTRS,2021-03-22,13.9843,14.0085,13.722,13.872
VTRS,2021-03-23,13.8342,13.8342,13.2381,13.2913
VTRS,2021-03-24,13.2719,13.3368,13.0755,13.1404
VTRS,2021-03-25,13.2719,13.2719,13.059,13.1501
VTRS,2021-03-26,13.1964,13.5439,13.1501,13.4685
VTRS,2021-03-29,13.3823,13.5246,13.2913,13.4317
VTRS,2021-03-30,13.4017,13.4317,13.0794,13.2719
VTRS,2021-03-31,13.2197,13.394,13.0281,13.1016
VTRS,2021-04-01,13.0929,13.2061,12.9991,13.0378
VTRS,2021-04-05,13.0562,13.2816,12.9991,13.179
VTRS,2021-04-06,13.0842,13.2245,12.9342,12.971
VTRS,2021-04-07,13.0087,13.0184,12.5306,12.5587
VTRS,2021-04-08,12.5771,12.6526,12.2955,12.4648
VTRS,2021-04-09,12.4745,12.5723,12.3914,12.5626
VTRS,2021-04-12,12.5964,12.6061,12.3817,12.4358
VTRS,2021-04-13,12.4184,12.4697,12.1378,12.1648
VTRS,2021-04-14,12.2113,12.5306,12.2016,12.3914
VTRS,2021-04-15,12.3991,12.5964,12.3362,12.4552
VTRS,2021-04-16,12.5587,12.6332,12.3139,12.5674
VTRS,2021-04-19,12.5674,12.6903,12.3991,12.4271
VTRS,2021-04-20,12.3429,12.3914,12.1648,12.2955
VTRS,2021-04-21,12.2355,12.4842,12.1822,12.4745
VTRS,2021-04-22,12.4842,12.7552,12.4639,12.5306
VTRS,2021-04-23,12.55,12.6197,12.3942,12.5306
VTRS,2021-04-26,12.5674,12.8306,12.5587,12.7088
VTRS,2021-04-27,12.6806,12.7456,12.372,12.4552
VTRS,2021-04-28,12.5035,12.6806,12.4552,12.6245
VTRS,2021-04-29,12.7088,12.8123,12.4088,12.5306
VTRS,2021-04-30,12.5626,12.6806,12.4358,12.4745
VTRS,2021-05-03,12.4358,12.7088,12.372,12.6622
VTRS,2021-05-04,12.6526,12.7939,12.4358,12.5674
VTRS,2021-05-05,12.5674,12.849,12.4745,12.7939
VTRS,2021-05-06,12.7746,13.0746,12.6014,13.0659
VTRS,2021-05-07,12.9633,13.2245,12.9255,13.2061
VTRS,2021-05-10,14.0501,14.5146,13.8816,14.1062
VTRS,2021-05-11,14.0104,14.5388,13.928,14.2001
VTRS,2021-05-12,14.2562,14.8707,14.2282,14.744
VTRS,2021-05-13,14.5939,15.0546,14.5843,14.9423
VTRS,2021-05-14,15.0352,15.1,14.772,15.0061
VTRS,2021-05-17,14.9878,15.2791,14.9588,15.1475
VTRS,2021-05-18,15.1,15.1475,14.8205,15.0546
VTRS,2021-05-19,14.9588,14.9588,14.4904,14.5388
VTRS,2021-05-20,14.5746,14.7343,14.4168,14.622
VTRS,2021-05-21,14.6413,14.7866,14.4429,14.4613
VTRS,2021-05-24,14.5223,14.6743,14.4429,14.5087
VTRS,2021-05-25,14.471,14.4894,14.1023,14.1497
VTRS,2021-05-26,14.1758,14.3385,14.0462,14.3191
VTRS,2021-05-27,14.3336,14.4245,14.2446,14.3017
VTRS,2021-05-28,14.3577,14.4807,14.2726,14.3955
VTRS,2021-06-01,14.4101,14.5243,14.3152,14.4149
VTRS,2021-06-02,14.4149,14.6975,14.2823,14.6036
VTRS,2021-06-03,14.5843,14.6743,14.5136,14.5562
VTRS,2021-06-04,14.5746,14.6172,14.4198,14.5378
VTRS,2021-06-07,14.5378,14.6036,14.4245,14.5378
VTRS,2021-06-08,14.5659,14.7072,14.3858,14.6316
VTRS,2021-06-09,14.622,14.6937,14.5465,14.5939
VTRS,2021-06-10,14.6036,15.0382,14.5562,14.9152
VTRS,2021-06-11,14.8863,14.9152,14.7643,14.8582
VTRS,2021-06-14,14.8582,14.9152,14.6975,14.7643
VTRS,2021-06-15,14.7449,14.8118,14.2823,14.4516
VTRS,2021-06-16,14.5843,14.6229,14.2726,14.3761
VTRS,2021-06-17,14.292,14.3433,13.7907,13.8575
VTRS,2021-06-18,13.8236,13.8236,13.4133,13.4695
VTRS,2021-06-21,13.4511,13.5826,13.3272,13.5556
VTRS,2021-06-22,13.602,13.602,13.3272,13.4326
VTRS,2021-06-23,13.4887,13.5265,13.3272,13.3852
VTRS,2021-06-24,13.4598,13.6214,13.3465,13.5633
VTRS,2021-06-25,13.5923,13.8187,13.5459,13.7627
VTRS,2021-06-28,13.753,13.7907,13.5081,13.5826
VTRS,2021-06-29,13.5826,13.753,13.5178,13.7153
VTRS,2021-06-30,13.7153,13.7346,13.4792,13.4984
VTRS,2021-07-01,13.5826,13.9514,13.5826,13.933
VTRS,2021-07-02,13.9891,13.9988,13.6523,13.8952
VTRS,2021-07-06,13.8952,13.933,13.3852,13.4045
VTRS,2021-07-07,13.4229,13.4326,13.1491,13.2525
VTRS,2021-07-08,13.1491,13.2235,12.9874,13.0164
VTRS,2021-07-09,13.178,13.6311,13.1491,13.5178
VTRS,2021-07-12,13.4045,13.4792,13.2719,13.3949
VTRS,2021-07-13,13.4229,13.4598,13.0639,13.1491
VTRS,2021-07-14,13.1588,13.3755,13.12,13.2913
VTRS,2021-07-15,13.2525,13.39,13.0639,13.1103
VTRS,2021-07-16,13.1006,13.1394,12.9777,12.9971
VTRS,2021-07-19,12.8462,12.9226,12.5065,12.8462
VTRS,2021-07-20,12.8694,13.1955,12.8462,13.12
VTRS,2021-07-21,13.1897,13.3368,13.1249,13.2816
VTRS,2021-07-22,13.1858,13.2051,13.0068,13.0823
VTRS,2021-07-23,13.2139,13.2139,13.0378,13.1491
VTRS,2021-07-26,13.1006,13.2816,13.0164,13.0726
VTRS,2021-07-27,13.0455,13.1733,12.9362,13.1394
VTRS,2021-07-28,13.1006,13.5826,13.0687,13.4414
VTRS,2021-07-29,13.8284,13.8662,13.4695,13.4984
VTRS,2021-07-30,13.5362,13.6311,13.2051,13.2913
VTRS,2021-08-02,13.3465,13.5729,13.302,13.4414
VTRS,2021-08-03,13.4501,13.5265,13.12,13.4045
VTRS,2021-08-04,13.2332,13.3949,12.9178,12.9971
VTRS,2021-08-05,13.0164,13.1684,12.971,13.1588
VTRS,2021-08-06,13.2797,13.4695,13.1297,13.4598
VTRS,2021-08-09,13.8575,14.3288,13.6311,14.263
VTRS,2021-08-10,14.2155,14.4052,13.9464,14.2726
VTRS,2021-08-11,14.3191,14.3191,13.933,13.9988
VTRS,2021-08-12,14.0462,14.2301,13.9233,14.1216
VTRS,2021-08-13,14.14,14.2155,14.0269,14.1216
VTRS,2021-08-16,14.0926,14.1691,13.9456,14.0839
VTRS,2021-08-17,14.0085,14.0462,13.6494,13.9514
VTRS,2021-08-18,13.9136,14.2252,13.8952,13.9707
VTRS,2021-08-19,13.8352,14.0365,13.81,13.9136
VTRS,2021-08-20,13.8003,14.0365,13.782,13.8759
VTRS,2021-08-23,13.9233,14.1711,13.8526,14.0471
VTRS,2021-08-24,14.0568,14.138,13.9233,13.9523
VTRS,2021-08-25,13.8759,13.8759,13.6996,13.8187
VTRS,2021-08-26,13.8187,13.8284,13.4762,13.6
VTRS,2021-08-27,13.6291,13.7714,13.6,13.6755
VTRS,2021-08-30,13.6378,13.8187,13.6097,13.7143
VTRS,2021-08-31,13.6571,13.933,13.6291,13.9233
VTRS,2021-09-01,13.9136,13.9427,13.7336,13.8855
VTRS,2021-09-02,13.8478,14.4091,13.8478,14.3994
VTRS,2021-09-03,14.2852,14.4566,14.1517,14.1711
VTRS,2021-09-07,14.142,14.1904,13.8429,13.9523
VTRS,2021-09-08,13.8662,13.9049,13.6804,13.8478
VTRS,2021-09-09,13.8139,13.8187,13.5197,13.6
VTRS,2021-09-10,13.6755,13.6852,13.1046,13.1336
VTRS,2021-09-13,13.182,13.3813,13.1142,13.2478
VTRS,2021-09-14,13.3242,13.3619,12.9807,13.0194
VTRS,2021-09-15,12.9623,13.1142,12.9439,13.0678
VTRS,2021-09-16,13.0765,13.182,12.9052,13.0291
VTRS,2021-09-17,12.8955,13.0435,12.8578,12.9148
VTRS,2021-09-20,12.791,12.881,12.5626,12.6865
VTRS,2021-09-21,12.762,12.8955,12.582,12.6381
VTRS,2021-09-22,12.7155,12.8394,12.6014,12.611
VTRS,2021-09-23,12.6574,12.8481,12.5771,12.6961
VTRS,2021-09-24,12.6671,12.8191,12.6381,12.7339
VTRS,2021-09-27,12.8201,13.2091,12.7813,13.1529
VTRS,2021-09-28,13.1529,13.2769,12.9904,13.0388
VTRS,2021-09-29,13.0194,13.2769,12.9536,13.1907
VTRS,2021-09-30,13.2478,13.3146,12.8298,12.8955
VTRS,2021-10-01,12.9052,13.0629,12.8104,12.9439
VTRS,2021-10-04,13.0949,13.1093,12.6671,12.7813
VTRS,2021-10-05,12.701,13.0048,12.6768,12.8481
VTRS,2021-10-06,12.7523,12.9197,12.6671,12.791
VTRS,2021-10-07,12.8955,13.1432,12.8858,12.972
VTRS,2021-10-08,13.0291,13.1588,12.9439,12.972
VTRS,2021-10-11,12.9807,13.1955,12.9342,12.9536
VTRS,2021-10-12,12.9623,13.0291,12.7155,12.8104
VTRS,2021-10-13,12.8007,12.9052,12.702,12.7252
VTRS,2021-10-14,12.8007,13.0,12.8007,12.8298
VTRS,2021-10-15,12.9807,13.0097,12.7813,12.8104
VTRS,2021-10-18,12.8045,12.8665,12.5723,12.8394
VTRS,2021-10-19,12.8955,12.972,12.791,12.9148
VTRS,2021-10-20,12.972,13.3716,12.9623,13.3146
VTRS,2021-10-21,13.2284,13.3716,13.1432,13.333
VTRS,2021-10-22,13.333,13.4191,13.2332,13.2672
VTRS,2021-10-25,13.2575,13.2672,13.0194,13.1336
VTRS,2021-10-26,13.1723,13.2187,12.8151,12.8298
VTRS,2021-10-27,12.8201,12.8298,12.4532,12.4678
VTRS,2021-10-28,12.5142,12.7716,12.4678,12.6865
VTRS,2021-10-29,12.6865,12.7426,12.5917,12.7058
VTRS,2021-11-01,12.7252,13.2672,12.7252,13.1529
VTRS,2021-11-02,13.1743,13.2672,12.9623,13.1626
VTRS,2021-11-03,13.1336,13.2865,13.0582,13.2284
VTRS,2021-11-04,13.1596,13.2081,12.8578,13.0194
VTRS,2021-11-05,13.0862,13.3146,12.8298,13.0678
VTRS,2021-11-08,13.724,14.1517,13.5614,13.9717
VTRS,2021-11-09,14.0095,14.0279,13.7143,13.8662
VTRS,2021-11-10,13.7617,14.0374,13.6852,13.8381
VTRS,2021-11-11,13.8381,13.9427,13.719,13.7617
VTRS,2021-11-12,13.752,13.809,13.391,13.4288
VTRS,2021-11-15,13.4762,13.4859,13.2004,13.2284
VTRS,2021-11-16,13.2962,13.3146,13.0678,13.2091
VTRS,2021-11-17,13.2187,13.2913,12.9807,12.9904
VTRS,2021-11-18,12.9623,13.0,12.6477,12.7426
VTRS,2021-11-19,12.6865,12.7252,12.4484,12.4484
VTRS,2021-11-22,12.5065,12.7456,12.3817,12.5926
VTRS,2021-11-23,12.6594,12.7552,12.5636,12.6303
VTRS,2021-11-24,12.5684,12.6071,12.429,12.5249
VTRS,2021-11-26,12.3332,12.372,12.0641,12.2374
VTRS,2021-11-29,12.3526,12.3817,11.9684,12.0167
VTRS,2021-11-30,11.9684,12.0835,11.7381,11.8146
VTRS,2021-12-01,11.9209,12.0264,11.5842,11.6036
VTRS,2021-12-02,11.6327,11.8628,11.4787,11.709
VTRS,2021-12-03,11.7381,11.7961,11.5939,11.709
VTRS,2021-12-06,11.8058,12.1029,11.7662,11.9393
VTRS,2021-12-07,11.9016,12.0167,11.8628,11.9016
VTRS,2021-12-08,11.9665,12.0167,11.8822,11.9296
VTRS,2021-12-09,11.9113,12.2568,11.9016,12.0835
VTRS,2021-12-10,12.1126,12.4001,12.0641,12.1891
VTRS,2021-12-13,12.0932,12.218,11.9016,12.0448
VTRS,2021-12-14,12.0448,12.6216,12.0448,12.2945
VTRS,2021-12-15,12.252,12.3042,12.0788,12.1794
VTRS,2021-12-16,12.3506,12.6642,12.3042,12.4968
VTRS,2021-12-17,12.583,12.6497,12.3187,12.5065
VTRS,2021-12-20,12.3526,12.3914,12.0361,12.2471
VTRS,2021-12-21,12.4435,12.6691,12.3623,12.5636
VTRS,2021-12-22,12.5152,12.789,12.4823,12.7175
VTRS,2021-12-23,12.7746,13.1588,12.7272,13.0823
VTRS,2021-12-27,13.0726,13.2401,13.0145,13.12
VTRS,2021-12-28,13.0532,13.1588,13.0048,13.0919
VTRS,2021-12-29,13.0164,13.1103,12.9574,13.0145
VTRS,2021-12-30,12.9671,13.1974,12.9671,13.0048
VTRS,2021-12-31,13.0532,13.1588,12.9758,12.9855
VTRS,2022-01-03,13.0532,13.7249,12.9758,13.6388
VTRS,2022-01-04,13.7056,13.8739,13.6532,13.7917
VTRS,2022-01-05,13.8788,14.138,13.8304,13.8594
VTRS,2022-01-06,13.9727,14.0317,13.7153,13.9166
VTRS,2022-01-07,13.9263,14.1564,13.9166,14.1467
VTRS,2022-01-10,14.1758,14.4062,13.9939,14.4062
VTRS,2022-01-11,14.3868,14.7227,14.3152,14.7043
VTRS,2022-01-12,14.6946,14.7043,14.5214,14.56
VTRS,2022-01-13,14.5891,14.5891,14.3917,14.4158
VTRS,2022-01-14,14.3026,14.6413,14.262,14.6075
VTRS,2022-01-18,14.5504,14.685,14.4158,14.4546
VTRS,2022-01-19,14.4449,14.5214,14.1091,14.1284
VTRS,2022-01-20,14.0558,14.2813,13.9843,14.051
VTRS,2022-01-21,13.9649,14.1758,13.9213,13.9456
VTRS,2022-01-24,13.8594,13.8982,13.3987,13.783
VTRS,2022-01-25,13.7443,14.2145,13.6049,14.0897
VTRS,2022-01-26,14.0695,14.262,13.9166,14.0317
VTRS,2022-01-27,14.1091,14.2813,13.9359,14.0035
VTRS,2022-01-28,13.9649,14.0414,13.7443,14.0414
VTRS,2022-01-31,13.9166,14.4643,13.8982,14.3684
VTRS,2022-02-01,14.3684,14.531,14.2339,14.4643
VTRS,2022-02-02,14.3868,14.7139,14.138,14.685
VTRS,2022-02-03,14.5891,14.6897,14.4546,14.5214
VTRS,2022-02-04,14.4449,14.6268,14.3394,14.5214
VTRS,2022-02-07,14.6423,14.7807,14.5407,14.6462
VTRS,2022-02-08,14.6365,14.7004,14.3965,14.6075
VTRS,2022-02-09,14.6559,14.9723,14.651,14.7807
VTRS,2022-02-10,14.7227,14.954,14.7043,14.7517
VTRS,2022-02-11,14.6075,14.8339,14.5117,14.56
VTRS,2022-02-14,14.5891,14.622,14.2823,14.4255
VTRS,2022-02-15,14.4255,14.7227,14.3684,14.7043
VTRS,2022-02-16,14.6946,14.8863,14.6036,14.6365
VTRS,2022-02-17,14.5794,14.5891,14.1952,14.2339
VTRS,2022-02-18,14.139,14.3007,14.0132,14.1188
VTRS,2022-02-22,13.9746,14.142,13.8836,13.9649
VTRS,2022-02-23,14.081,14.1293,13.8197,13.8585
VTRS,2022-02-24,13.4084,13.5294,13.2298,13.4809
VTRS,2022-02-25,13.5778,14.1681,13.5536,14.0713
VTRS,2022-02-28,13.2729,13.2971,10.5293,10.655
VTRS,2022-03-01,10.8003,10.8196,9.36799,9.82287
VTRS,2022-03-02,9.81318,10.2002,9.79383,10.1422
VTRS,2022-03-03,10.0744,10.118,9.59058,10.0744
VTRS,2022-03-04,9.79861,9.95837,9.59542,9.87126
VTRS,2022-03-07,9.67769,9.79383,9.52283,9.56155
VTRS,2022-03-08,9.56155,9.78894,9.50348,9.62929
VTRS,2022-03-09,9.79383,10.1325,9.76477,9.94867
VTRS,2022-03-10,9.73574,9.93898,9.5809,9.79383
VTRS,2022-03-11,9.82287,10.0066,9.68735,9.69703
VTRS,2022-03-14,9.83254,9.93898,9.34864,9.49381
VTRS,2022-03-15,9.48412,9.67284,9.45024,9.63897
VTRS,2022-03-16,9.77926,10.1568,9.77446,10.0551
VTRS,2022-03-17,9.92938,10.3938,9.82482,10.2971
VTRS,2022-03-18,10.1712,10.3454,10.1615,10.3164
VTRS,2022-03-21,10.239,10.5487,10.239,10.4229
VTRS,2022-03-22,10.4616,10.6164,10.4083,10.5003
VTRS,2022-03-23,10.3938,10.7228,10.3648,10.5293
VTRS,2022-03-24,10.5777,10.6503,10.418,10.597
VTRS,2022-03-25,10.6164,10.8487,10.5487,10.8293
VTRS,2022-03-28,10.7906,10.8196,10.4229,10.5487
VTRS,2022-03-29,10.5777,10.8583,10.5777,10.8196
VTRS,2022-03-30,10.7519,10.9358,10.6067,10.6358
VTRS,2022-03-31,10.6455,10.7422,10.5197,10.5293
VTRS,2022-04-01,10.6067,10.6067,10.3068,10.4713
VTRS,2022-04-04,10.4664,10.6647,10.4132,10.5003
VTRS,2022-04-05,10.4326,10.6744,10.3115,10.326
VTRS,2022-04-06,10.239,10.3599,10.1374,10.3454
VTRS,2022-04-07,10.3164,10.5003,10.1809,10.4616
VTRS,2022-04-08,10.452,10.7422,10.2777,10.6841
VTRS,2022-04-11,10.6455,10.6647,10.2971,10.3551
VTRS,2022-04-12,10.3745,10.452,10.2825,10.326
VTRS,2022-04-13,10.3648,10.6744,10.326,10.6358
VTRS,2022-04-14,10.6358,10.7567,10.5873,10.6067
VTRS,2022-04-18,10.5873,10.6261,10.2971,10.3648
VTRS,2022-04-19,10.3745,10.6455,10.3212,10.568
VTRS,2022-04-20,10.5293,10.6647,10.389,10.4906
VTRS,2022-04-21,10.5293,10.6358,10.2777,10.3068
VTRS,2022-04-22,10.3357,10.3357,9.93898,9.94867
VTRS,2022-04-25,9.9003,10.1083,9.69703,10.0551
VTRS,2022-04-26,9.98745,10.1568,9.91969,9.95837
VTRS,2022-04-27,9.98745,10.1499,9.84701,10.026
VTRS,2022-04-28,10.0454,10.2002,9.92938,10.1518
VTRS,2022-04-29,10.1132,10.268,9.93898,9.99704
VTRS,2022-05-02,10.0163,10.1132,9.70671,9.88094
VTRS,2022-05-03,9.91,10.118,9.78894,10.0647
VTRS,2022-05-04,10.0551,10.1906,9.74542,10.1809
VTRS,2022-05-05,10.1132,10.1615,9.56155,9.72607
VTRS,2022-05-06,9.71639,9.72607,9.44542,9.62929
VTRS,2022-05-09,9.8035,10.5873,9.8035,10.1422
VTRS,2022-05-10,10.0454,10.2099,9.81318,10.1229
VTRS,2022-05-11,10.0938,10.3938,10.0357,10.0551
VTRS,2022-05-12,10.0696,10.5293,10.0454,10.5003
VTRS,2022-05-13,10.4809,10.7906,10.4423,10.7228
VTRS,2022-05-16,10.6938,10.8777,10.6261,10.781
VTRS,2022-05-17,10.8003,11.1583,10.8003,11.1004
VTRS,2022-05-18,11.081,11.197,10.8308,10.9068
VTRS,2022-05-19,10.7713,11.4341,10.7035,11.3131
VTRS,2022-05-20,11.3906,11.5358,11.2358,11.4197
VTRS,2022-05-23,11.4783,11.6641,11.2531,11.3708
VTRS,2022-05-24,11.4441,11.4441,11.009,11.273
VTRS,2022-05-25,11.2437,11.5957,11.1655,11.5761
VTRS,2022-05-26,11.5761,11.8107,11.5761,11.7424
VTRS,2022-05-27,11.713,11.977,11.7032,11.977
VTRS,2022-05-31,11.9183,12.0747,11.6739,11.9965
VTRS,2022-06-01,12.0259,12.0991,11.6249,11.801
VTRS,2022-06-02,11.8205,11.8597,11.5076,11.8401
VTRS,2022-06-03,11.7814,11.8382,11.4197,11.449
VTRS,2022-06-06,11.4979,11.6347,11.4392,11.5076
VTRS,2022-06-07,11.5174,11.6347,11.4212,11.6249
VTRS,2022-06-08,11.537,11.664,11.4969,11.5957
VTRS,2022-06-09,11.5957,11.6152,11.3512,11.361
VTRS,2022-06-10,11.1703,11.2045,10.8917,10.9503
VTRS,2022-06-13,10.7079,10.8233,10.4261,10.5299
VTRS,2022-06-14,10.4908,10.5495,9.9824,10.0899
VTRS,2022-06-15,10.1682,10.613,10.1682,10.4615
VTRS,2022-06-16,10.266,10.2855,9.97756,10.0509
VTRS,2022-06-17,10.0704,10.2963,9.97756,10.2268
VTRS,2022-06-21,10.3539,10.4908,10.266,10.3637
VTRS,2022-06-22,10.2757,10.5397,10.2073,10.3931
VTRS,2022-06-23,10.4028,10.5055,10.2953,10.4908
VTRS,2022-06-24,10.5495,10.7841,10.5153,10.7157
VTRS,2022-06-27,10.6962,10.9014,10.6472,10.8233
VTRS,2022-06-28,10.833,11.0188,10.657,10.657
VTRS,2022-06-29,10.6962,10.7059,10.4615,10.5691
VTRS,2022-06-30,10.4126,10.4179,10.1682,10.2366
VTRS,2022-07-01,10.217,10.5006,10.0509,10.4713
VTRS,2022-07-05,10.266,10.3051,10.0216,10.266
VTRS,2022-07-06,10.2464,10.3051,9.91395,10.0704
VTRS,2022-07-07,10.0606,10.2757,10.0606,10.1878
VTRS,2022-07-08,10.217,10.3539,10.0509,10.1193
VTRS,2022-07-11,9.9922,10.0068,9.80644,9.82599
VTRS,2022-07-12,9.78688,10.0997,9.738,9.9922
VTRS,2022-07-13,9.91395,9.96292,9.67934,9.75755
VTRS,2022-07-14,9.60111,9.65978,9.45935,9.63045
VTRS,2022-07-15,9.76733,9.79667,9.45691,9.63045
VTRS,2022-07-18,9.75755,9.9824,9.59134,9.6109
VTRS,2022-07-19,9.67934,9.95312,9.67934,9.84555
VTRS,2022-07-20,9.83577,10.002,9.68911,9.74778
VTRS,2022-07-21,9.74778,9.76733,9.57178,9.65978
VTRS,2022-07-22,9.738,9.79177,9.23447,9.33714
VTRS,2022-07-25,9.38603,9.62067,9.23447,9.5229
VTRS,2022-07-26,9.47597,9.74778,9.46424,9.69889
VTRS,2022-07-27,9.70867,9.89931,9.58157,9.84555
VTRS,2022-07-28,9.77711,9.84555,9.42513,9.56201
VTRS,2022-07-29,9.56201,9.61578,9.38603,9.47401
VTRS,2022-08-01,9.46424,9.56201,9.35669,9.44469
VTRS,2022-08-02,9.44469,9.58157,9.41047,9.49357
VTRS,2022-08-03,9.51313,9.55223,9.44469,9.53268
VTRS,2022-08-04,9.51509,9.60601,9.3958,9.40557
VTRS,2022-08-05,9.35669,9.54246,9.24914,9.51313
VTRS,2022-08-08,9.95312,10.3833,9.79667,9.8651
VTRS,2022-08-09,9.80654,10.266,9.65001,10.2268
VTRS,2022-08-10,10.2855,10.7108,10.2464,10.5299
VTRS,2022-08-11,10.4732,10.8574,10.4713,10.7157
VTRS,2022-08-12,10.7841,10.9014,10.7157,10.882
VTRS,2022-08-15,10.7549,10.9699,10.701,10.8624
VTRS,2022-08-16,10.8917,10.9064,10.7206,10.7939
VTRS,2022-08-17,10.7451,10.7451,10.3051,10.5104
VTRS,2022-08-18,10.5104,10.5104,10.266,10.3539
VTRS,2022-08-19,10.2855,10.4028,10.266,10.3344
VTRS,2022-08-22,10.266,10.2757,10.0802,10.1193
VTRS,2022-08-23,10.0995,10.2182,10.0006,10.0402
VTRS,2022-08-24,10.0402,10.1193,9.87696,10.0501
VTRS,2022-08-25,10.0501,10.0995,9.95115,10.06
VTRS,2022-08-26,10.1094,10.1193,9.75331,9.77309
VTRS,2022-08-29,9.69396,9.78793,9.54558,9.7632
VTRS,2022-08-30,9.7632,9.82255,9.55913,9.59504
VTRS,2022-08-31,9.60493,9.72363,9.42688,9.44666
VTRS,2022-09-01,9.43677,9.49612,9.21915,9.46645
VTRS,2022-09-02,9.58515,9.58515,9.31807,9.34775
VTRS,2022-09-06,9.38731,9.38731,9.21915,9.30818
VTRS,2022-09-07,9.24883,9.69396,9.24883,9.61482
VTRS,2022-09-08,9.56042,9.63955,9.45656,9.57526
VTRS,2022-09-09,9.65439,9.82255,9.61482,9.77309
VTRS,2022-09-12,9.83244,10.0896,9.83244,10.0006
VTRS,2022-09-13,9.79288,9.81266,9.38237,9.38731
VTRS,2022-09-14,9.41699,9.51591,9.24883,9.32796
VTRS,2022-09-15,9.31807,9.60493,9.31807,9.44666
VTRS,2022-09-16,9.44666,9.44666,9.12023,9.19937
VTRS,2022-09-19,9.12023,9.23399,9.07572,9.18948
VTRS,2022-09-20,9.13023,9.13023,8.93229,8.94218
VTRS,2022-09-21,9.09056,9.35269,8.93229,8.94218
VTRS,2022-09-22,8.91251,8.95702,8.71962,8.84326
VTRS,2022-09-23,8.76413,8.77402,8.33878,8.59597
VTRS,2022-09-26,8.47727,8.56629,8.38824,8.4377
VTRS,2022-09-27,8.50694,8.66027,8.32889,8.38824
VTRS,2022-09-28,8.46738,8.65532,8.40308,8.63554
VTRS,2022-09-29,8.52673,8.58608,8.35362,8.50694
VTRS,2022-09-30,8.52673,8.70972,8.40803,8.42781
VTRS,2022-10-03,8.51683,8.68994,8.36846,8.62564
VTRS,2022-10-04,8.69489,9.11034,8.69489,9.11034
VTRS,2022-10-05,8.9224,9.14002,8.88283,9.08067
VTRS,2022-10-06,9.01142,9.05099,8.78391,8.84326
VTRS,2022-10-07,8.8037,8.8037,8.57619,8.64543
VTRS,2022-10-10,8.72456,8.77402,8.6207,8.65532
VTRS,2022-10-11,8.64543,9.49612,8.63554,9.28839
VTRS,2022-10-12,9.29829,9.57526,9.15486,9.28839
VTRS,2022-10-13,9.20926,9.7088,9.14002,9.54558
VTRS,2022-10-14,9.60493,9.61482,9.40215,9.44666
VTRS,2022-10-17,9.54558,9.60493,9.41699,9.50601
VTRS,2022-10-18,9.59504,9.68407,9.47139,9.50601
VTRS,2022-10-19,9.44666,9.45656,9.13013,9.2785
VTRS,2022-10-20,9.28839,9.3972,9.19937,9.23894
VTRS,2022-10-21,9.17959,9.33785,9.03615,9.2785
VTRS,2022-10-24,9.33785,9.46645,9.25872,9.42688
VTRS,2022-10-25,9.37742,9.69396,9.36753,9.67417
VTRS,2022-10-26,9.73353,9.89179,9.70385,9.86212
VTRS,2022-10-27,9.87201,9.95609,9.75331,9.7632
VTRS,2022-10-28,9.82255,10.0797,9.79307,9.96104
VTRS,2022-10-31,9.91158,10.0501,9.87201,10.0204
VTRS,2022-11-01,10.0797,10.1984,9.95609,10.1391
VTRS,2022-11-02,10.0896,10.2083,9.94125,9.96104
VTRS,2022-11-03,9.83244,9.84234,9.54558,9.56537
VTRS,2022-11-04,9.6445,9.77309,9.42193,9.59504
VTRS,2022-11-07,10.2281,11.3063,10.149,10.8513
VTRS,2022-11-08,10.8909,11.1728,10.6337,10.9799
VTRS,2022-11-09,10.9205,10.9205,10.7029,10.7128
VTRS,2022-11-10,11.0294,11.3063,10.9304,11.2173
VTRS,2022-11-11,11.247,11.4003,11.0689,11.3162
VTRS,2022-11-14,11.2766,11.5734,11.1827,11.4349
VTRS,2022-11-15,11.5338,11.7119,11.1481,11.1975
VTRS,2022-11-16,11.1481,11.2272,10.8612,10.9601
VTRS,2022-11-17,10.7821,10.8909,10.7227,10.8414
VTRS,2022-11-18,10.8909,10.9205,10.7474,10.881
VTRS,2022-11-21,10.8909,11.0096,10.7375,10.97
VTRS,2022-11-22,10.94,11.1,10.94,11.07
VTRS,2022-11-23,10.98,11.075,10.885,11.02
VTRS,2022-11-25,11.01,11.14,10.9,11.14
VTRS,2022-11-28,11.12,11.17,10.975,11.06
VTRS,2022-11-29,11.11,11.2,11.0,11.18
VTRS,2022-11-30,11.12,11.14,10.74,11.03
VTRS,2022-12-01,11.04,11.26,10.96,11.24
VTRS,2022-12-02,11.175,11.23,11.1,11.17
VTRS,2022-12-05,11.14,11.14,10.85,10.92
VTRS,2022-12-06,10.9,11.0,10.77,10.93
VTRS,2022-12-07,10.93,10.99,10.84,10.9
VTRS,2022-12-08,10.9,11.0,10.82,10.96
VTRS,2022-12-09,10.96,11.0499,10.77,10.78
VTRS,2022-12-12,10.76,11.165,10.72,11.14
VTRS,2022-12-13,11.35,11.45,11.27,11.34
VTRS,2022-12-14,11.29,11.425,11.205,11.32
VTRS,2022-12-15,11.26,11.34,11.125,11.14
VTRS,2022-12-16,11.08,11.1,10.89,10.96
VTRS,2022-12-19,10.95,11.14,10.87,10.91
VTRS,2022-12-20,10.975,11.01,10.73,10.74
VTRS,2022-12-21,10.85,10.97,10.815,10.85
VTRS,2022-12-22,10.8,10.81,10.555,10.75
VTRS,2022-12-23,10.72,11.025,10.71,11.01
VTRS,2022-12-27,11.03,11.08,10.94,11.04
VTRS,2022-12-28,11.04,11.13,10.85,10.92
VTRS,2022-12-29,10.87,11.22,10.87,11.13
VTRS,2022-12-30,11.09,11.18,10.96,11.13
VTRS,2023-01-03,11.19,11.47,11.19,11.38
VTRS,2023-01-04,11.5,11.78,11.43,11.75
VTRS,2023-01-05,11.67,11.88,11.495,11.84
VTRS,2023-01-06,11.92,12.11,11.8,12.1
VTRS,2023-01-09,12.12,12.19,11.98,12.01
VTRS,2023-01-10,12.0,12.03,11.76,11.84
VTRS,2023-01-11,11.84,11.87,11.36,11.77
VTRS,2023-01-12,11.76,11.83,11.59,11.66
VTRS,2023-01-13,11.58,11.61,11.43,11.54
VTRS,2023-01-17,11.5,11.86,11.495,11.84
VTRS,2023-01-18,11.82,11.85,11.38,11.47
VTRS,2023-01-19,11.4,11.67,11.26,11.52
VTRS,2023-01-20,11.5,11.63,11.34,11.6
VTRS,2023-01-23,11.62,11.85,11.58,11.82
VTRS,2023-01-24,11.76,11.79,11.58,11.6
VTRS,2023-01-25,11.58,11.67,11.405,11.64
VTRS,2023-01-26,11.56,11.66,11.465,11.64
VTRS,2023-01-27,11.9,12.09,11.815,11.89
VTRS,2023-01-30,11.83,12.01,11.78,11.94
VTRS,2023-01-31,11.94,12.195,11.91,12.16
VTRS,2023-02-01,12.06,12.3993,12.046,12.26
VTRS,2023-02-02,12.24,12.25,12.025,12.19
VTRS,2023-02-03,12.19,12.26,12.1,12.18
VTRS,2023-02-06,12.05,12.11,11.82,12.05
VTRS,2023-02-07,12.1,12.24,11.965,12.11
VTRS,2023-02-08,12.04,12.1,11.9,11.92
VTRS,2023-02-09,11.98,12.0,11.69,11.72
VTRS,2023-02-10,11.72,11.885,11.67,11.84
VTRS,2023-02-13,11.8,12.06,11.79,11.98
VTRS,2023-02-14,12.02,12.045,11.79,11.81
VTRS,2023-02-15,11.72,11.89,11.635,11.85
VTRS,2023-02-16,11.72,11.745,11.58,11.65
VTRS,2023-02-17,11.53,11.77,11.3,11.69
VTRS,2023-02-21,11.61,11.65,11.385,11.5
VTRS,2023-02-22,11.49,11.66,11.39,11.49
VTRS,2023-02-23,11.49,11.675,11.46,11.54
VTRS,2023-02-24,11.56,11.56,11.37,11.51
VTRS,2023-02-27,11.38,11.8,11.04,11.2
VTRS,2023-02-28,11.29,11.56,11.17,11.4
VTRS,2023-03-01,11.4,11.425,11.25,11.31
VTRS,2023-03-02,11.29,11.29,11.062,11.13
VTRS,2023-03-03,11.18,11.23,11.1,11.13
VTRS,2023-03-06,11.13,11.14,10.74,10.86
VTRS,2023-03-07,10.87,10.89,10.6425,10.73
VTRS,2023-03-08,10.57,10.64,10.48,10.56
VTRS,2023-03-09,10.54,10.54,10.08,10.13
VTRS,2023-03-10,10.065,10.24,9.91,10.0
VTRS,2023-03-13,9.91,10.025,9.755,9.83
VTRS,2023-03-14,10.0,10.02,9.78,9.85
VTRS,2023-03-15,9.7,9.72,9.425,9.5
VTRS,2023-03-16,9.35,9.53,9.23,9.5
VTRS,2023-03-17,9.44,9.47,9.285,9.43
VTRS,2023-03-20,9.5,9.565,9.34,9.44
VTRS,2023-03-21,9.57,9.8,9.57,9.65
VTRS,2023-03-22,9.63,9.655,9.37,9.4
VTRS,2023-03-23,9.4,9.49,9.1,9.2
VTRS,2023-03-24,9.16,9.36,9.08,9.33
VTRS,2023-03-27,9.42,9.585,9.33,9.47
VTRS,2023-03-28,9.43,9.53,9.39,9.53
VTRS,2023-03-29,9.62,9.64,9.48,9.53
VTRS,2023-03-30,9.62,9.67,9.49,9.56
VTRS,2023-03-31,9.585,9.71,9.555,9.62
VTRS,2023-04-03,9.685,9.72,9.485,9.61
VTRS,2023-04-04,9.69,9.71,9.365,9.53
VTRS,2023-04-05,9.52,9.82,9.505,9.8
VTRS,2023-04-06,9.9,9.945,9.82,9.92
VTRS,2023-04-10,9.95,9.9685,9.75,9.85
VTRS,2023-04-11,9.88,10.03,9.87,9.91
VTRS,2023-04-12,9.98,10.01,9.795,9.82
VTRS,2023-04-13,9.85,9.99,9.83,9.92
VTRS,2023-04-14,9.9,9.95,9.81,9.87
VTRS,2023-04-17,9.87,9.965,9.78,9.91
VTRS,2023-04-18,9.93,9.9394,9.77,9.88
VTRS,2023-04-19,9.81,9.935,9.75,9.83
VTRS,2023-04-20,9.77,9.78,9.665,9.68
VTRS,2023-04-21,9.7,9.75,9.62,9.65
VTRS,2023-04-24,9.52,9.53,9.17,9.33
VTRS,2023-04-25,9.3,9.36,9.16,9.18
VTRS,2023-04-26,9.2,9.26,9.08,9.1
VTRS,2023-04-27,9.11,9.3,8.99,9.26
VTRS,2023-04-28,9.21,9.335,9.2,9.33
VTRS,2023-05-01,9.31,9.4,9.3,9.36
VTRS,2023-05-02,9.34,9.36,8.93,9.12
VTRS,2023-05-03,9.16,9.25,9.1,9.14
VTRS,2023-05-04,9.12,9.14,8.95,9.02
VTRS,2023-05-05,9.1,9.295,9.08,9.28
VTRS,2023-05-08,9.6,10.09,9.36,9.82
VTRS,2023-05-09,9.74,9.845,9.625,9.74
VTRS,2023-05-10,9.8,9.82,9.26,9.59
VTRS,2023-05-11,9.55,9.56,9.26,9.36
VTRS,2023-05-12,9.38,9.4,9.25,9.28
VTRS,2023-05-15,9.31,9.43,9.27,9.37
VTRS,2023-05-16,9.36,9.36,9.14,9.15
VTRS,2023-05-17,9.19,9.355,9.12,9.3
VTRS,2023-05-18,9.29,9.4,9.23,9.37
VTRS,2023-05-19,9.43,9.57,9.295,9.33
VTRS,2023-05-22,9.51,9.67,9.44,9.47
VTRS,2023-05-23,9.35,9.43,9.225,9.24
VTRS,2023-05-24,9.21,9.21,8.945,9.03
VTRS,2023-05-25,8.92,9.055,8.84,9.03
VTRS,2023-05-26,9.06,9.175,9.025,9.11
VTRS,2023-05-30,9.06,9.21,8.995,9.18
VTRS,2023-05-31,9.11,9.215,9.08,9.15
VTRS,2023-06-01,9.15,9.21,8.99,9.18
VTRS,2023-06-02,9.25,9.35,9.205,9.33
VTRS,2023-06-05,9.38,9.38,9.24,9.33
VTRS,2023-06-06,9.37,9.55,9.32,9.51
VTRS,2023-06-07,9.52,9.75,9.49,9.71
VTRS,2023-06-08,9.7,9.72,9.42,9.52
VTRS,2023-06-09,9.46,9.49,9.34,9.38
VTRS,2023-06-12,9.39,9.54,9.32,9.4
VTRS,2023-06-13,9.4,9.7,9.355,9.63
VTRS,2023-06-14,9.69,9.87,9.655,9.76
VTRS,2023-06-15,9.76,9.96,9.75,9.94
VTRS,2023-06-16,10.0,10.32,9.98,10.29
VTRS,2023-06-20,10.2,10.28,10.09,10.19
VTRS,2023-06-21,10.18,10.195,10.0,10.11
VTRS,2023-06-22,10.11,10.13,9.99,10.05
VTRS,2023-06-23,9.77,9.89,9.58,9.76
VTRS,2023-06-26,9.81,9.899,9.68,9.85
VTRS,2023-06-27,9.77,9.91,9.7,9.85
VTRS,2023-06-28,9.83,9.92,9.65,9.72
VTRS,2023-06-29,9.69,9.925,9.68,9.91
VTRS,2023-06-30,9.99,10.02,9.89,9.98
VTRS,2023-07-03,9.95,10.015,9.87,9.89
VTRS,2023-07-05,9.82,9.96,9.71,9.91
VTRS,2023-07-06,9.82,9.9,9.72,9.84
VTRS,2023-07-07,9.82,9.99,9.82,9.86
VTRS,2023-07-10,9.87,9.94,9.8,9.93
VTRS,2023-07-11,10.0,10.31,9.985,10.25
VTRS,2023-07-12,10.35,10.45,10.2,10.24
VTRS,2023-07-13,10.25,10.33,10.225,10.29
VTRS,2023-07-14,10.19,10.22,10.11,10.16
VTRS,2023-07-17,10.1,10.1,9.9124,10.01
VTRS,2023-07-18,10.02,10.31,9.96,10.18
VTRS,2023-07-19,10.28,10.52,10.25,10.43
VTRS,2023-07-20,10.56,10.63,10.43,10.47
VTRS,2023-07-21,10.49,10.55,10.39,10.48
VTRS,2023-07-24,10.46,10.73,10.45,10.62
VTRS,2023-07-25,10.55,10.595,10.35,10.41
VTRS,2023-07-26,10.43,10.57,10.37,10.48
VTRS,2023-07-27,10.455,10.505,10.28,10.33
VTRS,2023-07-28,10.45,10.45,10.32,10.4
VTRS,2023-07-31,10.44,10.55,10.37,10.53
VTRS,2023-08-01,10.51,10.54,10.15,10.22
VTRS,2023-08-02,10.17,10.48,10.1339,10.43
VTRS,2023-08-03,10.43,10.48,10.295,10.45
VTRS,2023-08-04,10.46,10.63,10.39,10.59
VTRS,2023-08-07,10.85,11.48,10.85,11.0
VTRS,2023-08-08,10.97,11.18,10.765,11.15
VTRS,2023-08-09,11.15,11.48,11.13,11.26
VTRS,2023-08-10,11.33,11.43,11.12,11.16
VTRS,2023-08-11,11.12,11.41,11.08,11.35
VTRS,2023-08-14,11.31,11.31,11.18,11.19
VTRS,2023-08-15,11.11,11.19,11.05,11.16
VTRS,2023-08-16,11.05,11.21,11.04,11.2
VTRS,2023-08-17,11.23,11.385,11.22,11.34
VTRS,2023-08-18,11.2,11.415,11.17,11.26
VTRS,2023-08-21,11.275,11.38,11.18,11.25
VTRS,2023-08-22,11.23,11.28,11.14,11.16
VTRS,2023-08-23,11.03,11.05,10.93,11.0
VTRS,2023-08-24,10.92,11.14,10.89,10.95
VTRS,2023-08-25,10.97,11.04,10.85,10.97
VTRS,2023-08-28,11.0,11.13,10.945,10.96
VTRS,2023-08-29,11.05,11.12,10.93,11.0
VTRS,2023-08-30,11.02,11.06,10.94,11.0
VTRS,2023-08-31,10.97,10.99,10.74,10.75
VTRS,2023-09-01,10.84,10.91,10.745,10.79
VTRS,2023-09-05,10.79,10.885,10.61,10.62
VTRS,2023-09-06,10.56,10.58,9.98,10.12
VTRS,2023-09-07,10.13,10.18,9.97,10.0
VTRS,2023-09-08,10.0,10.21,9.94,10.11
VTRS,2023-09-11,10.15,10.2199,9.955,10.01
VTRS,2023-09-12,10.04,10.125,9.78,9.87
VTRS,2023-09-13,9.94,9.955,9.73,9.75
VTRS,2023-09-14,9.87,9.905,9.77,9.83
VTRS,2023-09-15,9.76,9.865,9.7,9.77
VTRS,2023-09-18,9.79,9.88,9.68,9.82
VTRS,2023-09-19,9.83,9.93,9.8114,9.89
VTRS,2023-09-20,9.95,10.09,9.86,9.88
VTRS,2023-09-21,9.84,9.86,9.68,9.69
VTRS,2023-09-22,9.69,9.73,9.565,9.64
VTRS,2023-09-25,9.62,9.73,9.595,9.72
VTRS,2023-09-26,9.65,9.7775,9.65,9.72
VTRS,2023-09-27,9.72,9.82,9.46,9.59
VTRS,2023-09-28,9.63,9.84,9.62,9.81
VTRS,2023-09-29,9.84,10.025,9.84,9.86
VTRS,2023-10-02,10.29,10.37,9.95,10.05
VTRS,2023-10-03,9.92,9.93,9.36,9.65
VTRS,2023-10-04,9.61,9.7175,9.44,9.7
VTRS,2023-10-05,9.7,9.8,9.52,9.69
VTRS,2023-10-06,9.66,9.695,9.51,9.66
VTRS,2023-10-09,9.66,9.74,9.55,9.66
VTRS,2023-10-10,9.75,9.76,9.59,9.62
VTRS,2023-10-11,9.62,9.745,9.58,9.69
VTRS,2023-10-12,9.68,9.68,9.41,9.46
VTRS,2023-10-13,9.44,9.48,9.27,9.33
VTRS,2023-10-16,9.37,9.48,9.3108,9.47
VTRS,2023-10-17,9.38,9.5499,9.35,9.43
VTRS,2023-10-18,9.33,9.46,9.285,9.37
VTRS,2023-10-19,9.36,9.44,9.265,9.31
VTRS,2023-10-20,9.34,9.37,9.21,9.3
VTRS,2023-10-23,9.01,9.16,8.88,8.92
VTRS,2023-10-24,8.96,9.18,8.94,9.11
VTRS,2023-10-25,9.07,9.1,8.91,8.97
VTRS,2023-10-26,8.98,9.19,8.93,8.99
VTRS,2023-10-27,8.99,9.005,8.74,8.77
VTRS,2023-10-30,8.85,8.965,8.76,8.84
VTRS,2023-10-31,8.88,8.96,8.78,8.9
VTRS,2023-11-01,8.86,8.945,8.81,8.92
VTRS,2023-11-02,8.98,9.0,8.85,8.93
VTRS,2023-11-03,9.07,9.3,9.03,9.27
VTRS,2023-11-06,9.25,9.295,9.15,9.21
VTRS,2023-11-07,9.22,9.25,9.085,9.13
VTRS,2023-11-08,9.5,9.57,9.14,9.22
VTRS,2023-11-09,9.25,9.265,9.0,9.06
VTRS,2023-11-10,9.1,9.23,9.06,9.2
VTRS,2023-11-13,9.13,9.16,8.95,8.95
VTRS,2023-11-14,9.1,9.29,9.08,9.22
VTRS,2023-11-15,9.2,9.41,9.2,9.36
VTRS,2023-11-16,9.41,9.45,9.1,9.17
VTRS,2023-11-17,9.29,9.46,9.18,9.45
VTRS,2023-11-20,9.41,9.49,9.31,9.47
VTRS,2023-11-21,9.45,9.485,9.33,9.38
VTRS,2023-11-22,9.36,9.42,9.285,9.37
VTRS,2023-11-24,9.39,9.45,9.325,9.43
VTRS,2023-11-27,9.36,9.405,9.29,9.34
VTRS,2023-11-28,9.32,9.34,9.11,9.14
VTRS,2023-11-29,9.15,9.19,9.08,9.13
VTRS,2023-11-30,9.15,9.235,9.08,9.18
VTRS,2023-12-01,9.15,9.4,9.1,9.37
VTRS,2023-12-04,9.32,9.76,9.305,9.68
VTRS,2023-12-05,9.61,9.65,9.525,9.61
VTRS,2023-12-06,9.64,9.785,9.62,9.69
VTRS,2023-12-07,9.7,9.79,9.56,9.76
VTRS,2023-12-08,9.77,9.92,9.74,9.83
VTRS,2023-12-11,9.82,9.91,9.775,9.83
VTRS,2023-12-12,9.86,9.88,9.74,9.87
VTRS,2023-12-13,9.84,10.19,9.819,10.13
VTRS,2023-12-14,10.2,10.56,10.2,10.39
VTRS,2023-12-15,10.3,10.41,10.15,10.27
VTRS,2023-12-18,10.3,10.34,10.09,10.1
VTRS,2023-12-19,10.1,10.42,10.1,10.39
VTRS,2023-12-20,10.42,10.63,10.38,10.45
VTRS,2023-12-21,10.5,10.74,10.48,10.65
VTRS,2023-12-22,10.67,10.78,10.6,10.65
VTRS,2023-12-26,10.66,10.745,10.625,10.71
VTRS,2023-12-27,10.7,10.79,10.65,10.77
VTRS,2023-12-28,10.72,10.87,10.72,10.85
VTRS,2023-12-29,10.82,10.87,10.745,10.83
VTRS,2024-01-02,10.79,11.42,10.79,11.39
VTRS,2024-01-03,11.42,11.48,11.3,11.37
VTRS,2024-01-04,11.4,11.62,11.315,11.55
VTRS,2024-01-05,11.55,12.08,11.515,11.98
VTRS,2024-01-08,11.88,11.965,11.66,11.71
VTRS,2024-01-09,11.645,11.76,11.56,11.6
VTRS,2024-01-10,11.59,12.49,11.495,12.1
VTRS,2024-01-11,12.02,12.395,11.89,12.07
VTRS,2024-01-12,12.11,12.15,11.665,11.68
VTRS,2024-01-16,11.61,11.765,11.51,11.75
VTRS,2024-01-17,11.63,11.74,11.45,11.46
VTRS,2024-01-18,11.44,11.455,11.16,11.27
VTRS,2024-01-19,11.27,11.43,11.17,11.4
VTRS,2024-01-22,11.38,11.65,11.35,11.64
VTRS,2024-01-23,11.66,11.815,11.64,11.77
VTRS,2024-01-24,11.82,11.91,11.645,11.72
VTRS,2024-01-25,11.78,11.84,11.59,11.74
VTRS,2024-01-26,11.85,11.97,11.795,11.93
VTRS,2024-01-29,11.91,11.97,11.76,11.88
VTRS,2024-01-30,11.842,11.86,11.64,11.81
VTRS,2024-01-31,11.8,12.21,11.72,11.77
VTRS,2024-02-01,11.72,11.925,11.515,11.87
VTRS,2024-02-02,11.82,11.935,11.69,11.85
VTRS,2024-02-05,11.77,11.77,11.54,11.58
VTRS,2024-02-06,11.67,12.02,11.64,11.89
VTRS,2024-02-07,11.9,11.92,11.66,11.74
VTRS,2024-02-08,11.7,11.7,11.44,11.56
VTRS,2024-02-09,11.51,11.695,11.45,11.68
VTRS,2024-02-12,11.67,12.03,11.66,11.95
VTRS,2024-02-13,11.86,12.01,11.71,11.97
VTRS,2024-02-14,12.0,12.18,11.96,12.07
VTRS,2024-02-15,12.18,12.94,12.18,12.82
VTRS,2024-02-16,12.8,13.1,12.77,13.06
VTRS,2024-02-20,13.0,13.42,12.97,13.24
VTRS,2024-02-21,13.22,13.32,13.11,13.26
VTRS,2024-02-22,13.33,13.48,13.26,13.36
VTRS,2024-02-23,13.36,13.6175,13.345,13.53
VTRS,2024-02-26,13.432,13.5,13.33,13.43
VTRS,2024-02-27,13.39,13.46,13.14,13.23
VTRS,2024-02-28,13.21,13.55,12.24,12.29
VTRS,2024-02-29,12.36,12.41,11.96,12.37
VTRS,2024-03-01,12.37,12.61,12.305,12.59
VTRS,2024-03-04,12.59,12.6,12.23,12.36
VTRS,2024-03-05,12.36,12.41,12.21,12.28
VTRS,2024-03-06,12.29,12.33,11.95,12.2
VTRS,2024-03-07,12.17,12.39,12.167,12.33
VTRS,2024-03-08,12.27,12.335,12.15,12.26
VTRS,2024-03-11,12.16,12.245,11.84,11.97
VTRS,2024-03-12,11.96,12.1,11.88,12.06
VTRS,2024-03-13,12.06,12.2,11.955,12.05
VTRS,2024-03-14,11.99,11.99,11.67,11.82
VTRS,2024-03-15,11.72,11.99,11.72,11.94
VTRS,2024-03-18,11.87,11.94,11.715,11.76
VTRS,2024-03-19,11.73,11.91,11.7,11.87
VTRS,2024-03-20,11.8,11.92,11.71,11.88
VTRS,2024-03-21,11.94,12.06,11.8756,12.01
VTRS,2024-03-22,12.04,12.14,11.82,11.84
VTRS,2024-03-25,11.84,12.0,11.81,11.83
VTRS,2024-03-26,11.88,11.945,11.58,11.6
VTRS,2024-03-27,11.69,11.8575,11.63,11.83
VTRS,2024-03-28,11.81,12.02,11.775,11.94
VTRS,2024-04-01,11.97,11.97,11.78,11.94
VTRS,2024-04-02,11.86,12.0,11.8,11.94
VTRS,2024-04-03,11.89,12.22,11.89,12.02
VTRS,2024-04-04,12.16,12.16,11.7225,11.76
VTRS,2024-04-05,11.72,11.83,11.6345,11.8
VTRS,2024-04-08,11.77,11.9,11.68,11.75
VTRS,2024-04-09,11.73,11.84,11.7,11.82
VTRS,2024-04-10,11.65,11.77,11.625,11.71
VTRS,2024-04-11,11.69,11.735,11.525,11.57
VTRS,2024-04-12,11.55,11.57,11.195,11.33
VTRS,2024-04-15,11.43,11.64,11.26,11.32
VTRS,2024-04-16,11.26,11.26,11.05,11.12
VTRS,2024-04-17,11.19,11.25,11.09,11.1
VTRS,2024-04-18,11.12,11.25,11.07,11.12
VTRS,2024-04-19,11.15,11.31,11.1,11.255
VTRS,2024-04-22,11.34,11.35,11.21,11.25
VTRS,2024-04-23,11.25,11.4,11.21,11.36
VTRS,2024-04-24,11.34,11.58,11.25,11.55
VTRS,2024-04-25,11.55,11.65,11.36,11.47
VTRS,2024-04-26,11.43,11.65,11.4,11.57
VTRS,2024-04-29,11.51,11.79,11.489,11.78
VTRS,2024-04-30,11.74,11.75,11.57,11.57
VTRS,2024-05-01,11.57,11.8,11.44,11.63
VTRS,2024-05-02,11.69,11.73,11.51,11.6
VTRS,2024-05-03,11.67,11.865,11.63,11.78
VTRS,2024-05-06,11.81,11.87,11.7,11.82
VTRS,2024-05-07,11.83,11.91,11.71,11.72
VTRS,2024-05-08,11.75,12.04,11.7,11.81
VTRS,2024-05-09,11.43,11.69,11.09,11.22
VTRS,2024-05-10,11.19,11.49,11.105,11.16
VTRS,2024-05-13,11.21,11.39,11.17,11.36
VTRS,2024-05-14,11.41,11.48,11.06,11.14
VTRS,2024-05-15,11.2,11.295,10.97,11.07
VTRS,2024-05-16,11.0,11.24,10.96,11.02
VTRS,2024-05-17,11.02,11.05,10.89,10.98
VTRS,2024-05-20,11.0,11.21,10.975,11.07
VTRS,2024-05-21,11.04,11.08,10.885,10.96
VTRS,2024-05-22,10.91,11.04,10.86,10.875
VTRS,2024-05-23,10.79,10.79,10.395,10.53
VTRS,2024-05-24,10.54,10.63,10.39,10.41
VTRS,2024-05-28,10.41,10.535,10.335,10.39
VTRS,2024-05-29,10.28,10.37,10.24,10.31
VTRS,2024-05-30,10.31,10.5,10.295,10.48
VTRS,2024-05-31,10.52,10.64,10.42,10.6
VTRS,2024-06-03,10.69,10.845,10.55,10.58
VTRS,2024-06-04,10.56,10.66,10.49,10.53
VTRS,2024-06-05,10.52,10.545,10.4,10.49
VTRS,2024-06-06,10.44,10.51,10.28,10.42
VTRS,2024-06-07,10.42,10.6,10.34,10.47
VTRS,2024-06-10,10.41,10.54,10.21,10.515
VTRS,2024-06-11,10.46,10.74,10.36,10.64
VTRS,2024-06-12,10.73,10.935,10.525,10.63
VTRS,2024-06-13,10.49,10.56,10.365,10.39
VTRS,2024-06-14,10.35,10.37,10.09,10.17
VTRS,2024-06-17,10.17,10.18,9.97,10.11
VTRS,2024-06-18,10.1,10.25,9.925,10.05
VTRS,2024-06-20,10.03,10.36,9.99,10.26
VTRS,2024-06-21,10.23,10.5,10.17,10.48
VTRS,2024-06-24,10.46,10.68,10.34,10.48
VTRS,2024-06-25,10.45,10.465,10.23,10.31
VTRS,2024-06-26,10.3,10.46,10.165,10.42
VTRS,2024-06-27,10.42,10.59,10.32,10.48
VTRS,2024-06-28,10.54,10.73,10.5,10.635
VTRS,2024-07-01,10.66,10.785,10.54,10.59
VTRS,2024-07-02,10.7,10.705,10.33,10.43
VTRS,2024-07-03,10.46,10.51,10.34,10.38
VTRS,2024-07-05,10.3,10.36,10.145,10.345
VTRS,2024-07-08,10.365,10.64,10.34,10.61
VTRS,2024-07-09,10.6,10.98,10.47,10.8
VTRS,2024-07-10,10.77,10.98,10.74,10.89
VTRS,2024-07-11,10.9612,11.21,10.85,11.19
VTRS,2024-07-12,11.24,11.425,11.205,11.24
VTRS,2024-07-15,11.23,11.23,10.9601,11.0
VTRS,2024-07-16,11.0,11.425,10.94,11.38
VTRS,2024-07-17,11.37,11.91,11.37,11.83
VTRS,2024-07-18,11.86,12.16,11.74,11.77
VTRS,2024-07-19,11.85,11.87,11.65,11.84
VTRS,2024-07-22,11.73,11.8,11.56,11.67
VTRS,2024-07-23,11.67,11.67,11.435,11.5
VTRS,2024-07-24,11.64,11.79,11.51,11.69
VTRS,2024-07-25,11.73,11.945,11.7,11.765
VTRS,2024-07-26,11.78,12.18,11.78,12.08
VTRS,2024-07-29,12.05,12.075,11.86,11.9
VTRS,2024-07-30,11.99,12.16,11.9,12.13
VTRS,2024-07-31,12.09,12.25,12.04,12.06
VTRS,2024-08-01,12.07,12.18,11.9,11.96
VTRS,2024-08-02,11.92,12.03,11.66,11.87
VTRS,2024-08-05,11.5301,11.735,11.395,11.56
VTRS,2024-08-06,11.48,11.675,11.34,11.34
VTRS,2024-08-07,11.44,11.605,11.32,11.38
VTRS,2024-08-08,11.88,12.77,11.88,12.1
VTRS,2024-08-09,12.07,12.07,11.73,11.78
VTRS,2024-08-12,11.77,11.77,11.46,11.57
VTRS,2024-08-13,11.58,11.58,11.4,11.57
VTRS,2024-08-14,11.48,11.49,11.125,11.4
VTRS,2024-08-15,11.44,11.7199,11.44,11.67
VTRS,2024-08-16,11.67,11.83,11.645,11.66
VTRS,2024-08-19,11.73,11.86,11.65,11.83
VTRS,2024-08-20,11.77,11.845,11.64,11.66
VTRS,2024-08-21,11.68,11.76,11.56,11.72
VTRS,2024-08-22,11.71,11.82,11.66,11.7
VTRS,2024-08-23,11.6,11.78,11.57,11.76
VTRS,2024-08-26,11.76,11.86,11.7,11.75
VTRS,2024-08-27,11.73,11.76,11.615,11.69
VTRS,2024-08-28,11.68,11.93,11.65,11.9
VTRS,2024-08-29,11.91,11.955,11.78,11.89
VTRS,2024-08-30,11.93,12.1,11.93,12.08
VTRS,2024-09-03,11.91,11.98,11.84,11.89
VTRS,2024-09-04,11.9,11.91,11.72,11.78
VTRS,2024-09-05,11.84,11.9,11.64,11.665
VTRS,2024-09-06,11.69,11.765,11.155,11.26
VTRS,2024-09-09,11.28,11.475,11.1,11.11
VTRS,2024-09-10,11.13,11.19,10.845,11.17
VTRS,2024-09-11,11.1,11.41,10.995,11.34
VTRS,2024-09-12,11.385,11.77,11.36,11.76
VTRS,2024-09-13,11.77,11.93,11.62,11.66
VTRS,2024-09-16,11.74,11.82,11.56,11.81
VTRS,2024-09-17,11.78,11.83,11.67,11.82
VTRS,2024-09-18,11.8,12.015,11.69,11.91
VTRS,2024-09-19,12.0,12.12,11.835,11.9
VTRS,2024-09-20,11.73,11.76,11.22,11.39
VTRS,2024-09-23,11.44,11.65,11.42,11.47
VTRS,2024-09-24,11.515,11.6,11.42,11.45
VTRS,2024-09-25,11.49,11.525,11.21,11.27
VTRS,2024-09-26,11.295,11.65,11.21,11.64
VTRS,2024-09-27,11.64,11.68,11.495,11.55
VTRS,2024-09-30,11.57,11.645,11.49,11.605
VTRS,2024-10-01,11.62,11.66,11.41,11.49
VTRS,2024-10-02,11.48,11.52,11.33,11.47
VTRS,2024-10-03,11.39,11.45,11.3,11.44
VTRS,2024-10-04,11.5,11.65,11.48,11.59
VTRS,2024-10-07,11.6,11.645,11.33,11.34
VTRS,2024-10-08,11.33,11.43,11.235,11.32
VTRS,2024-10-09,11.34,11.465,11.29,11.4
VTRS,2024-10-10,11.42,11.46,11.245,11.33
VTRS,2024-10-11,11.37,11.445,11.315,11.38
VTRS,2024-10-14,11.38,11.405,11.275,11.4
VTRS,2024-10-15,11.39,11.93,11.36,11.84
VTRS,2024-10-16,11.87,11.89,11.725,11.82
VTRS,2024-10-17,11.82,11.825,11.66,11.71
VTRS,2024-10-18,11.61,11.77,11.51,11.76
VTRS,2024-10-21,11.76,11.81,11.57,11.57
VTRS,2024-10-22,11.54,11.71,11.52,11.67
VTRS,2024-10-23,11.63,11.715,11.49,11.55
VTRS,2024-10-24,11.56,11.635,11.425,11.48
VTRS,2024-10-25,11.56,11.685,11.43,11.44
VTRS,2024-10-28,11.51,11.785,11.48,11.76
VTRS,2024-10-29,11.69,11.78,11.63,11.74
VTRS,2024-10-30,11.67,11.96,11.65,11.89
VTRS,2024-10-31,11.88,11.9,11.59,11.6
VTRS,2024-11-01,11.67,11.76,11.58,11.62
VTRS,2024-11-04,11.59,11.695,11.425,11.455
VTRS,2024-11-05,11.44,11.63,11.33,11.61
VTRS,2024-11-06,11.87,12.01,11.5755,11.62
VTRS,2024-11-07,11.8,13.44,11.67,13.18
VTRS,2024-11-08,13.07,13.21,12.73,12.96
VTRS,2024-11-11,13.06,13.208,12.79,13.1
VTRS,2024-11-12,13.0,13.17,12.865,12.93
VTRS,2024-11-13,12.85,13.025,12.83,13.0
VTRS,2024-11-14,12.95,13.09,12.58,12.62
VTRS,2024-11-15,12.63,12.87,12.53,12.83
VTRS,2024-11-18,12.78,13.06,12.68,13.0
VTRS,2024-11-19,12.92,13.07,12.795,13.05
VTRS,2024-11-20,12.97,13.22,12.94,13.13
VTRS,2024-11-21,13.2,13.325,13.1,13.25
VTRS,2024-11-22,13.16,13.495,13.13,13.37
VTRS,2024-11-25,13.47,13.55,13.345,13.36
VTRS,2024-11-26,13.33,13.33,12.94,13.08
VTRS,2024-11-27,13.08,13.23,13.01,13.22
VTRS,2024-11-29,13.22,13.24,13.08,13.09
VTRS,2024-12-02,13.125,13.245,13.03,13.2
VTRS,2024-12-03,13.21,13.225,12.98,13.0
VTRS,2024-12-04,13.04,13.0682,12.87,13.04
VTRS,2024-12-05,13.04,13.05,12.8445,12.89
VTRS,2024-12-06,12.97,13.0,12.68,12.72
VTRS,2024-12-09,12.64,12.86,12.61,12.8
VTRS,2025-01-27,11.32,11.525,11.25,11.42
VTRS,2025-01-28,11.41,11.435,11.18,11.2
VTRS,2025-01-29,11.2,11.44,11.06,11.33
VTRS,2025-01-30,11.45,11.51,11.3,11.42
VTRS,2025-01-31,11.4,11.425,11.21,11.28
VTRS,2025-02-03,11.18,11.21,10.915,11.04
VTRS,2025-02-04,11.0,11.07,10.86,10.89
VTRS,2025-02-05,10.94,11.02,10.87,10.95
VTRS,2025-02-06,10.9,11.0,10.73,10.9
VTRS,2025-02-07,10.94,10.98,10.695,10.73
VTRS,2025-02-10,10.74,10.775,10.595,10.62
VTRS,2025-02-11,10.59,10.685,10.53,10.61
VTRS,2025-02-12,10.6,10.645,10.52,10.6
VTRS,2025-02-13,10.65,10.86,10.58,10.8
VTRS,2025-02-14,10.88,11.02,10.78,10.8
VTRS,2025-02-18,10.78,10.87,10.74,10.86
VTRS,2025-02-19,10.795,10.96,10.79,10.93
VTRS,2025-02-20,10.92,11.1,10.92,11.06
VTRS,2025-02-21,11.1,11.315,11.01,11.25
VTRS,2025-02-24,11.25,11.47,11.15,11.39
VTRS,2025-02-25,11.35,11.51,11.35,11.48
VTRS,2025-02-26,11.46,11.53,11.185,11.24
VTRS,2025-02-27,9.26,9.81,8.7701,9.52
VTRS,2025-02-28,9.63,9.72,9.1,9.22
VTRS,2025-03-03,9.29,9.6781,9.27,9.35
VTRS,2025-03-04,9.25,9.56,9.25,9.37
VTRS,2025-03-05,9.35,9.63,9.325,9.48
VTRS,2025-03-06,9.52,9.65,9.36,9.5
VTRS,2025-03-07,9.51,9.735,9.425,9.65
VTRS,2025-03-10,9.49,9.725,9.46,9.5
VTRS,2025-03-11,9.495,9.51,9.23,9.33
VTRS,2025-03-12,9.31,9.45,9.23,9.24
VTRS,2025-03-13,9.275,9.36,8.95,8.98
VTRS,2025-03-14,9.0,9.12,8.99,9.085
VTRS,2025-03-17,9.135,9.3299,9.135,9.25
VTRS,2025-03-18,9.25,9.565,9.25,9.52
VTRS,2025-03-19,9.55,9.7,9.325,9.42
VTRS,2025-03-20,9.38,9.51,9.355,9.44
VTRS,2025-03-21,9.35,9.37,9.01,9.1501
VTRS,2025-03-24,9.21,9.315,9.11,9.3
VTRS,2025-03-25,9.3,9.35,8.93,8.95
VTRS,2025-03-26,8.965,9.12,8.9,8.96
VTRS,2025-03-27,8.955,8.955,8.75,8.84
VTRS,2025-03-28,8.895,8.895,8.62,8.68
VTRS,2025-03-31,8.62,8.8,8.5508,8.71
VTRS,2025-04-01,8.71,8.72,8.56,8.6
VTRS,2025-04-02,8.53,8.72,8.53,8.66
VTRS,2025-04-03,8.51,8.57,8.14,8.16
VTRS,2025-04-04,8.07,8.14,7.585,7.63
VTRS,2025-04-07,7.58,7.755,7.145,7.61
VTRS,2025-04-08,7.83,7.98,7.21,7.38
VTRS,2025-04-09,7.2,7.865,7.035,7.795
VTRS,2025-04-10,7.255,7.255,6.85,7.255
VTRS,2025-04-11,7.33,7.56,7.215,7.54
VTRS,2025-04-14,7.67,7.7,7.42,7.63
VTRS,2025-04-15,7.61,7.66,7.39,7.48
VTRS,2025-04-16,7.52,7.63,7.335,7.39
VTRS,2025-04-17,7.45,7.62,7.45,7.56
VTRS,2025-04-21,7.5,7.625,7.465,7.57
VTRS,2025-04-22,7.65,7.7599,7.61,7.69
VTRS,2025-04-23,7.84,8.1,7.8008,7.82
VTRS,2025-04-24,7.87,8.13,7.82,8.03
VTRS,2025-04-25,8.01,8.14,7.935,8.13
VTRS,2025-04-28,8.16,8.35,8.16,8.25
VTRS,2025-04-29,8.15,8.44,8.12,8.34
VTRS,2025-04-30,8.305,8.45,8.26,8.415
VTRS,2025-05-01,8.38,8.65,8.23,8.47
VTRS,2025-05-02,8.655,8.735,8.52,8.65
VTRS,2025-05-05,8.635,8.76,8.57,8.59
VTRS,2025-05-06,8.595,8.715,8.47,8.48
VTRS,2025-05-07,8.49,8.71,8.49,8.6
VTRS,2025-05-08,9.0,9.575,8.91,9.09
VTRS,2025-05-09,9.015,9.315,8.745,8.77
VTRS,2025-05-12,8.96,9.105,8.915,8.96
VTRS,2025-05-13,8.91,8.91,8.72,8.79
VTRS,2025-05-14,8.77,8.775,8.4,8.42
VTRS,2025-05-15,8.48,8.815,8.42,8.79
VTRS,2025-05-16,8.805,8.88,8.755,8.84
VTRS,2025-05-19,8.77,8.8,8.645,8.76
VTRS,2025-05-20,8.79,8.95,8.78,8.88
VTRS,2025-05-21,8.84,8.87,8.47,8.48
VTRS,2025-05-22,8.44,8.535,8.275,8.5
VTRS,2025-05-23,8.27,8.31,8.19,8.29
VTRS,2025-05-27,8.35,8.63,8.32,8.6
VTRS,2025-05-28,8.61,8.63,8.5,8.59
VTRS,2025-05-29,8.63,8.85,8.57,8.83
VTRS,2025-05-30,8.76,8.8454,8.56,8.78
VTRS,2025-06-02,8.7,8.77,8.58,8.69
VTRS,2025-06-03,8.6,8.84,8.4,8.715
VTRS,2025-06-04,8.7,8.8,8.58,8.59
VTRS,2025-06-05,8.64,8.64,8.44,8.45
VTRS,2025-06-06,8.54,8.73,8.52,8.71
VTRS,2025-06-09,8.77,8.9,8.695,8.81
VTRS,2025-06-10,8.85,9.07,8.77,9.04
VTRS,2025-06-11,9.03,9.12,8.91,8.98
VTRS,2025-06-12,8.955,9.19,8.915,9.09
VTRS,2025-06-13,8.98,9.09,8.9,8.92
VTRS,2025-06-16,8.99,9.07,8.92,8.99
VTRS,2025-06-17,8.9,8.97,8.71,8.76
VTRS,2025-06-18,8.75,8.85,8.66,8.77
VTRS,2025-06-20,8.825,8.91,8.685,8.87
VTRS,2025-06-23,8.84,8.9,8.66,8.85
VTRS,2025-06-24,8.9,9.0,8.865,8.95
VTRS,2025-06-25,8.9,8.96,8.84,8.89
VTRS,2025-06-26,8.97,9.14,8.9,9.12
VTRS,2025-06-27,9.12,9.165,8.915,9.01
VTRS,2025-06-30,9.04,9.07,8.9,8.935
VTRS,2025-07-01,8.975,9.34,8.88,9.18
VTRS,2025-07-02,9.2,9.405,9.12,9.34
VTRS,2025-07-03,9.33,9.37,9.22,9.3
VTRS,2025-07-07,9.29,9.37,9.175,9.2
VTRS,2025-07-08,9.21,9.42,9.17,9.26
VTRS,2025-07-09,9.305,9.36,9.2,9.23
VTRS,2025-07-10,9.2,9.39,9.18,9.25
VTRS,2025-07-11,9.095,9.19,9.095,9.12
VTRS,2025-07-14,9.07,9.15,9.04,9.14
VTRS,2025-07-15,9.15,9.25,8.93,8.93
VTRS,2025-07-16,8.995,9.095,8.8903,9.08
VTRS,2025-07-17,9.08,9.285,9.05,9.27
VTRS,2025-07-18,9.24,9.2699,8.835,8.88
VTRS,2025-07-21,8.9,9.045,8.87,8.9
VTRS,2025-07-22,8.9,9.25,8.895,9.24
VTRS,2025-07-23,9.3,9.44,9.2606,9.37
VTRS,2025-07-24,9.33,9.42,9.29,9.35
VTRS,2025-07-25,9.38,9.42,9.29,9.415
VTRS,2025-07-28,9.38,9.38,9.22,9.26
VTRS,2025-07-29,9.24,9.24,9.125,9.21
VTRS,2025-07-30,9.23,9.265,8.97,9.0
VTRS,2025-07-31,8.97,9.02,8.68,8.735
VTRS,2025-08-01,8.72,8.87,8.625,8.805
VTRS,2025-08-04,8.82,8.99,8.8,8.94
VTRS,2025-08-05,8.96,9.03,8.88,8.9725
VTRS,2025-08-06,8.92,8.92,8.735,8.75
VTRS,2025-08-07,9.0,9.445,8.8,9.39
VTRS,2025-08-08,9.38,9.73,9.2501,9.7
VTRS,2025-08-11,9.68,10.12,9.68,9.86
VTRS,2025-08-12,9.91,10.175,9.87,10.12
VTRS,2025-08-13,10.16,10.44,10.0953,10.41
VTRS,2025-08-14,10.35,10.74,10.29,10.69
VTRS,2025-08-15,10.75,10.81,10.55,10.61
VTRS,2025-08-18,10.62,10.81,10.61,10.63
VTRS,2025-08-19,10.67,10.785,10.58,10.68
VTRS,2025-08-20,10.7,10.815,10.55,10.65
VTRS,2025-08-21,10.65,10.78,10.61,10.69
VTRS,2025-08-22,10.63,10.82,10.601,10.65
VTRS,2025-08-25,10.58,10.65,10.5,10.55
VTRS,2025-08-26,10.52,10.55,10.36,10.41
VTRS,2025-08-27,10.4,10.4854,10.31,10.42
VTRS,2025-08-28,10.39,10.44,10.23,10.41
VTRS,2025-08-29,10.41,10.57,10.4,10.55
VTRS,2025-09-02,10.5,10.59,10.43,10.56
VTRS,2025-09-03,10.51,10.61,10.46,10.55
VTRS,2025-09-04,10.49,10.535,10.29,10.33
VTRS,2025-09-05,10.39,10.56,10.36,10.5
VTRS,2025-09-08,10.46,10.5099,10.33,10.48
VTRS,2025-09-09,10.42,10.55,10.365,10.45
VTRS,2025-09-10,10.39,10.41,10.2,10.24
VTRS,2025-09-11,10.25,10.3757,10.085,10.17
VTRS,2025-09-12,10.09,10.185,9.94,9.96
VTRS,2025-09-15,9.96,9.99,9.58,9.6
VTRS,2025-09-16,9.6,9.6463,9.49,9.56
VTRS,2025-09-17,9.54,9.86,9.52,9.62
VTRS,2025-09-18,9.56,9.89,9.5,9.87
VTRS,2025-09-19,9.85,10.09,9.85,9.9
VTRS,2025-09-22,9.9,9.92,9.72,9.79
VTRS,2025-09-23,9.79,9.8,9.5701,9.6
VTRS,2025-09-24,9.63,9.72,9.535,9.71
VTRS,2025-09-25,9.71,9.71,9.425,9.49
VTRS,2025-09-26,9.56,9.6,9.48,9.52
VTRS,2025-09-29,9.55,9.65,9.465,9.62
VTRS,2025-09-30,9.61,9.915,9.5549,9.9
VTRS,2025-10-01,9.92,10.17,9.92,10.09
VTRS,2025-10-02,10.08,10.185,9.94,10.11
VTRS,2025-10-03,10.18,10.3775,10.06,10.19
VTRS,2025-10-06,10.18,10.21,10.09,10.13
VTRS,2025-10-07,10.12,10.26,10.06,10.14
VTRS,2025-10-08,10.12,10.17,9.925,9.97
VTRS,2025-10-09,10.01,10.145,9.95,9.99
VTRS,2025-10-10,10.0,10.0709,9.69,9.74
VTRS,2025-10-13,9.78,9.965,9.74,9.86
VTRS,2025-10-14,9.75,9.97,9.73,9.93
VTRS,2025-10-15,10.02,10.17,9.855,9.995
VTRS,2025-10-16,10.08,10.2,10.0137,10.1
VTRS,2025-10-17,10.09,10.2,10.07,10.17
VTRS,2025-10-20,10.17,10.32,10.13,10.31
VTRS,2025-10-21,10.31,10.44,10.3,10.39
VTRS,2025-10-22,10.4,10.515,10.31,10.41
VTRS,2025-10-23,10.39,10.495,10.29,10.31
VTRS,2025-10-24,10.36,10.4999,10.335,10.35
VTRS,2025-10-27,10.35,10.44,10.18,10.42
VTRS,2025-10-28,10.38,10.46,10.27,10.29
VTRS,2025-10-29,10.24,10.42,10.22,10.26
VTRS,2025-10-30,10.27,10.465,10.26,10.36
VTRS,2025-10-31,10.31,10.43,10.24,10.365
VTRS,2025-11-03,10.34,10.57,10.29,10.53
VTRS,2025-11-04,10.44,10.605,10.36,10.49
VTRS,2025-11-05,10.45,10.81,10.41,10.75
VTRS,2025-11-06,10.58,10.95,10.03,10.11
VTRS,2025-11-07,10.085,10.16,9.92,10.12
VTRS,2025-11-10,10.14,10.19,9.985,10.165
VTRS,2025-11-11,10.22,11.28,10.22,11.2
VTRS,2025-11-12,11.17,11.19,10.93,11.01
VTRS,2025-11-13,10.96,11.14,10.88,10.92
VTRS,2025-11-14,10.845,10.9,10.66,10.72
VTRS,2025-11-17,10.73,10.88,10.62,10.655
VTRS,2025-11-18,10.62,10.87,10.57,10.71
VTRS,2025-11-19,10.68,10.69,10.44,10.45
VTRS,2025-11-20,10.48,10.56,10.165,10.17
VTRS,2025-11-21,10.25,10.6,10.15,10.47
VTRS,2025-11-24,10.45,10.61,10.39,10.58
VTRS,2025-11-25,10.6,10.73,10.52,10.56
VTRS,2025-11-26,10.595,10.71,10.485,10.65
VTRS,2025-11-28,10.65,10.71,10.59,10.69
